Optimal - objective value 11.87335847
      0 C0000000             365               5.2767345
      1 C0000001              -1                       0
      2 C0000002               1               18.443765
      3 C0000003              -1               41.073703
      4 C0000004               1                       0
      5 C0000005              -1                 9.18031
      6 C0000006               1                       0
      7 C0000007              -1               46.450558
      8 C0000008               1               6.2259167
      9 C0000009              -1               26.154617
     10 C0000010               1                       0
     11 C0000011              -1                32.40462
     12 C0000012               1                       0
     13 C0000013              -1               52.676474
     14 C0000014               3                       0
     15 C0000015              -1                       0
     16 C0000016               1               36.846616
     17 C0000017              -1               23.111697
     18 C0000018               1                       0
     19 C0000019              -1               35.777833
     20 C0000020               1                       0
     21 C0000021              -1               52.676474
     22 C0000022       1.6385241                       0
     23 C0000023     -0.34066747                       0
     24 C0000024               1               52.676474
     25 C0000025              -1               21.706936
     26 C0000026               1                       0
     27 C0000027              -1               19.599834
     28 C0000028               1                       0
     29 C0000029              -1               33.911945
     30 C0000030               1                       0
     31 C0000031              -1                       0
     32 C0000032               1               27.646797
     33 C0000033     -0.99999818                       0
     34 C0000034               1               52.676474
     35 C0000035              -1               41.458513
     36 C0000036               1                       0
     37 C0000037              -1                48.21935
     38 C0000038               1                       0
     39 C0000039              -1               25.914582
     40 C0000040               1                       0
     41 C0000041              -1               12.528372
     42 C0000042               1                       0
     43 C0000043              -1                       0
     44 C0000044               1                 23.0093
     45 C0000045              -1               52.676474
     46 C0000046       2.9999832                       0
     47 C0000047              -1               50.297561
     48 C0000048               1                       0
     49 C0000049              -1                31.29082
     50 C0000050               1                       0
     51 C0000051              -1               25.545528
     52 C0000052               1                       0
     53 C0000053     -0.98484983                       0
     54 C0000054               1               52.676474
     55 C0000055              -1               13.349412
     56 C0000056               1                       0
     57 C0000057              -1               38.662735
     58 C0000058               1                       0
     59 C0000059              -1               8.2452455
     60 C0000060               1                       0
     61 C0000061              -1               19.567295
     62 C0000062               1                       0
     63 C0000063              -1               12.032403
     64 C0000064               1                       0
     65 C0000065              -1               26.888043
     66 C0000066               1                       0
     67 C0000067              -1               37.314285
     68 C0000068               1                       0
     69 C0000069              -1               19.030226
     70 C0000070               1                       0
     71 C0000071              -1               29.216932
     72 C0000072               1                       0
     73 C0000073              -1                       0
     74 C0000074               1                22.25586
     75 C0000075              -1               25.482858
     76 C0000076               1                       0
     77 C0000077              -1               24.354408
     78 C0000078               1                       0
     79 C0000079              -1                       0
     80 C0000080               1               22.113167
     81 C0000081              -1               14.819175
     82 C0000082               1                       0
     83 C0000083              -1               25.782215
     84 C0000084               1                       0
     85 C0000085              -1                32.69156
     86 C0000086               1                       0
     87 C0000087     -0.92799308                       0
     88 C0000088               1               52.676474
     89 C0000089              -1               8.9166383
     90 C0000090               1               43.759836
     91 C0000091              -1               9.7170446
     92 C0000092               1                       0
     93 C0000093              -1               16.723303
     94 C0000094               1                       0
     95 C0000095              -1               34.445798
     96 C0000096               1                       0
     97 C0000097               1              -3060.5808
     98 C0000098       -1.000002                       0
     99 C0000099        0.999998                       0
    100 C0000100              -1                -1874.45
    101 C0000101        0.999998                       0
    102 C0000102              -1              -173.63666
    103 C0000103           1e-06              -5108.6675
    104 C0000104       2.6924994              -52.676474
    105 C0000105       5.9999748                       0
    106 C0000106       5.9999748              -4.5891991
    107 C0000107               1                       0
    108 C0000108               1                       0
    109 C0000109               2                       0
    110 C0000110               2                       0
    111 C0000111               3                       0
    112 C0000112               3                       0
    113 C0000113       20.110012                       0
    114 C0000114       20.110012                       0
    115 C0000115              12                       0
    116 C0000116              12                       0
    117 C0000117               2                       0
    118 C0000118               2                       0
      0 X0000000               0                34.23271
      1 X0000001               0               11.602771
      2 X0000002               0               43.496164
      3 X0000003               0                       0
      4 X0000004               0               26.521857
      5 X0000005               0               20.271854
      6 X0000006               1                       0
      7 X0000007               0               15.829858
      8 X0000008               0               29.564777
      9 X0000009               0               16.898642
     10 X0000010      0.31926205                       0
     11 X0000011      0.32966627                       0
     12 X0000012               0               30.969539
     13 X0000013               0               33.076641
     14 X0000014               0                18.76453
     15 X0000015               0               25.029677
     16 X0000016   9.1000419e-07                       0
     17 X0000017               0               11.217962
     18 X0000018               0                4.457124
     19 X0000019               0               26.761892
     20 X0000020               0               40.148103
     21 X0000021               0               29.667174
     22 X0000022       0.9999916                       0
     23 X0000023               0               2.3789137
     24 X0000024               0               21.385654
     25 X0000025               0               27.130947
     26 X0000026    0.0075750867                       0
     27 X0000027               0               39.327062
     28 X0000028               0               14.013739
     29 X0000029               0               44.431229
     30 X0000030               0               33.109179
     31 X0000031               0               40.644071
     32 X0000032               0               25.788432
     33 X0000033               0               15.362189
     34 X0000034               0               33.646248
     35 X0000035               0               23.459542
     36 X0000036               0               30.420614
     37 X0000037               0               27.193616
     38 X0000038               0               28.322066
     39 X0000039               0               30.563307
     40 X0000040               0                 37.8573
     41 X0000041               0               26.894259
     42 X0000042               0               19.984914
     43 X0000043      0.03600346                       0
     44 X0000044               0                       0
     45 X0000045               0                42.95943
     46 X0000046               0               35.953171
     47 X0000047               0               18.230676
     48 X0000048              19                       0
     49 X0000049               5                       0
     50 X0000050              13                       0
     51 X0000051              13                       0
     52 X0000052               1                       0
     53 X0000053               2                       0
     54 X0000054              10              -6.3380472
     55 X0000055              18                       0
     56 X0000056               2                       0
     57 X0000057               2                       0
     58 X0000058       11.873358                       0
     59 X0000059       20.110012                       0
     60 X0000060               1                       0
     61 X0000061               1                       0
     62 X0000062              12                       0
     63 X0000063              16                       0
     64 X0000064        21.99998                       0
     65 X0000065               1                       0
     66 X0000066               3                       0
     67 X0000067               2                       0
     68 X0000068              20                       0
     69 X0000069              12                       0
     70 X0000070       5.9999748                       0
     71 X0000071               3                       0
     72 X0000072               6                       0
     73 X0000073               1                       0
     74 X0000074       29.772747                       0
     75 X0000075               1                       0
     76 X0000076               8                       0
     77 X0000077               2                       0
     78 X0000078               1                       0
     79 X0000079               1                       0
     80 X0000080               1                       0
     81 X0000081               4                       0
     82 X0000082               1                       0
     83 X0000083               2                       0
     84 X0000084              22                       0
     85 X0000085               4                       0
     86 X0000086               2                       0
     87 X0000087              20                       0
     88 X0000088               1                       0
     89 X0000089               1                       0
     90 X0000090               1                       0
     91 X0000091       20.243927                       0
     92 X0000092              14                       0
     93 X0000093               1                       0
     94 X0000094               1                       0
     95 X0000095               4                       0
     96 X0000096           1e-06                       0
