Optimal - objective value 24.31813365
      0 C0000000             365              -753.07291
      1 C0000001              -1               263.08751
      2 C0000002               1                       0
      3 C0000003              -1                247.5133
      4 C0000004               1                       0
      5 C0000005              -1               779.29992
      6 C0000006       1.8816962                       0
      7 C0000007              -1               618.68321
      8 C0000008               1                       0
      9 C0000009              -1               155.70799
     10 C0000010               1                       0
     11 C0000011              -1                153.6648
     12 C0000012               1                       0
     13 C0000013              -1                549.6456
     14 C0000014               1               229.65431
     15 C0000015              -1               779.29992
     16 C0000016       2.1229181                       0
     17 C0000017              -1               232.68359
     18 C0000018               1                       0
     19 C0000019              -1               158.99459
     20 C0000020               1                       0
     21 C0000021              -1                       0
     22 C0000022               1               39.399353
     23 C0000023   9.9805895e-14                       0
     24 C0000024               1               779.29992
     25 C0000025              -1               135.24202
     26 C0000026               1                       0
     27 C0000027              -1               133.44246
     28 C0000028               1                       0
     29 C0000029              -1               420.37898
     30 C0000030               1                       0
     31 C0000031              -1               85.373874
     32 C0000032               1                       0
     33 C0000033              -1               552.86898
     34 C0000034               1                       0
     35 C0000035              -1               170.89506
     36 C0000036               1                       0
     37 C0000037              -1               403.73612
     38 C0000038               1                       0
     39 C0000039              -1               145.26991
     40 C0000040               1                       0
     41 C0000041              -1               205.21008
     42 C0000042               1                       0
     43 C0000043              -1                 759.324
     44 C0000044               1                       0
     45 C0000045              -1               189.64807
     46 C0000046               1                       0
     47 C0000047              -1               381.51266
     48 C0000048               1                       0
     49 C0000049              -1               173.77951
     50 C0000050               1                       0
     51 C0000051              -1               98.858678
     52 C0000052               1                       0
     53 C0000053     -0.78964002                       0
     54 C0000054               1               779.29992
     55 C0000055              -1               81.087676
     56 C0000056               1                       0
     57 C0000057              -1               70.354072
     58 C0000058               1                       0
     59 C0000059              -1                18.52673
     60 C0000060               1                       0
     61 C0000061              -1               74.106826
     62 C0000062               1                       0
     63 C0000063              -1               22.804499
     64 C0000064               1                       0
     65 C0000065              -1               84.265016
     66 C0000066               1                       0
     67 C0000067              -1                       0
     68 C0000068               1               60.761471
     69 C0000069              -1               133.73372
     70 C0000070               1                       0
     71 C0000071              -1               115.61733
     72 C0000072               1                       0
     73 C0000073              -1               779.29992
     74 C0000074       1.2107394                       0
     75 C0000075              -1               355.51959
     76 C0000076               1                       0
     77 C0000077              -1               63.378593
     78 C0000078               1                       0
     79 C0000079     -0.99999875                       0
     80 C0000080               1               779.29992
     81 C0000081              -1               36.225579
     82 C0000082               1                       0
     83 C0000083              -1               51.781188
     84 C0000084               1                       0
     85 C0000085              -1               172.03808
     86 C0000086               1                       0
     87 C0000087              -1               779.29992
     88 C0000088       1.0000001                       0
     89 C0000089     -0.99999854                       0
     90 C0000090               1               779.29992
     91 C0000091              -1               94.793293
     92 C0000092               1                       0
     93 C0000093              -1               38.196223
     94 C0000094               1                       0
     95 C0000095              -1               10.203518
     96 C0000096               1                       0
     97 C0000097        0.999998                       0
     98 C0000098              -1              -286204.17
     99 C0000099        0.999998                       0
    100 C0000100              -1              -6011.4918
    101 C0000101               1              -7147.2629
    102 C0000102       -1.000002                       0
    103 C0000103           1e-06              -299362.93
    104 C0000104       1.7128582              -779.29992
    105 C0000105        13.99999                       0
    106 C0000106        13.99999               -82.43041
    107 C0000107       28.106263                       0
    108 C0000108       28.106263              -15.335844
    109 C0000109               3                       0
    110 C0000110               3                       0
    111 C0000111               1                       0
    112 C0000112               1                       0
    113 C0000113               2                       0
    114 C0000114               2                       0
    115 C0000115               2                       0
    116 C0000116               2                       0
    117 C0000117              12                       0
    118 C0000118              12                       0
    119 C0000119               1                       0
    120 C0000120               1                       0
    121 C0000121               1                       0
    122 C0000122               1                       0
    123 C0000123               2                       0
    124 C0000124               2                       0
    125 C0000125               1                       0
    126 C0000126               1                       0
    127 C0000127               8                       0
    128 C0000128               8                       0
      0 X0000000               0               516.21241
      1 X0000001               0               531.78661
      2 X0000002       0.4408481                       0
      3 X0000003               0               160.61671
      4 X0000004               0               623.59192
      5 X0000005               0               625.63512
      6 X0000006               0                       0
      7 X0000007      0.56145904                       0
      8 X0000008               0               546.61633
      9 X0000009               0               620.30532
     10 X0000010               0               739.90056
     11 X0000011             0.5                       0
     12 X0000012               0                644.0579
     13 X0000013               0               645.85746
     14 X0000014               0               358.92093
     15 X0000015               0               693.92604
     16 X0000016               0               226.43093
     17 X0000017               0               608.40485
     18 X0000018               0               375.56379
     19 X0000019               0                  634.03
     20 X0000020               0               574.08984
     21 X0000021               0               19.975919
     22 X0000022               0               589.65185
     23 X0000023               0               397.78726
     24 X0000024               0               605.52041
     25 X0000025               0               680.44124
     26 X0000026      0.10517999                       0
     27 X0000027               0               698.21224
     28 X0000028               0               708.94584
     29 X0000029               0               760.77319
     30 X0000030               0               705.19309
     31 X0000031               0               756.49542
     32 X0000032               0                695.0349
     33 X0000033               0               718.53844
     34 X0000034               0               645.56619
     35 X0000035               0               663.68258
     36 X0000036      0.10536971                       0
     37 X0000037               0               423.78033
     38 X0000038               0               715.92132
     39 X0000039   6.2328834e-07                       0
     40 X0000040               0               743.07434
     41 X0000041               0               727.51873
     42 X0000042               0               607.26184
     43 X0000043    4.152097e-08                       0
     44 X0000044   7.3176502e-07                       0
     45 X0000045               0               684.50662
     46 X0000046               0               741.10369
     47 X0000047               0                769.0964
     48 X0000048              19                       0
     49 X0000049               5                       0
     50 X0000050       18.731025                       0
     51 X0000051              13                       0
     52 X0000052               1                       0
     53 X0000053               2                       0
     54 X0000054               5                       0
     55 X0000055       28.106263                       0
     56 X0000056               2                       0
     57 X0000057               2                       0
     58 X0000058               9                       0
     59 X0000059              15               5.0702659
     60 X0000060               1                       0
     61 X0000061               1                       0
     62 X0000062              12                       0
     63 X0000063              16                       0
     64 X0000064              22                       0
     65 X0000065               1                       0
     66 X0000066               3                       0
     67 X0000067               2                       0
     68 X0000068              20                       0
     69 X0000069              12                       0
     70 X0000070               3                       0
     71 X0000071               3                       0
     72 X0000072               6                       0
     73 X0000073               1                       0
     74 X0000074         26.8446                       0
     75 X0000075               1                       0
     76 X0000076               8                       0
     77 X0000077               2                       0
     78 X0000078               1                       0
     79 X0000079               1                       0
     80 X0000080               1                       0
     81 X0000081               4                       0
     82 X0000082               1                       0
     83 X0000083               2                       0
     84 X0000084       24.318134                       0
     85 X0000085               4                       0
     86 X0000086               2                       0
     87 X0000087       19.999988                       0
     88 X0000088               1                       0
     89 X0000089               1                       0
     90 X0000090               1                       0
     91 X0000091       21.000001                       0
     92 X0000092        13.99999                       0
     93 X0000093               1                       0
     94 X0000094               1                       0
     95 X0000095               4                       0
     96 X0000096           1e-06                       0
