Optimal - objective value 21.99997278
      0 C0000000             365               10.403174
      1 C0000001              -1                       0
      2 C0000002               1               2.6071764
      3 C0000003              -1                       0
      4 C0000004               1                1.000436
      5 C0000005              -1               25.683981
      6 C0000006               1                       0
      7 C0000007              -1               27.224422
      8 C0000008       2.2649604                       0
      9 C0000009              -1               14.880253
     10 C0000010               1                       0
     11 C0000011              -1               23.084292
     12 C0000012               1                       0
     13 C0000013              -1               27.224422
     14 C0000014       2.2601198                       0
     15 C0000015     -0.99999753                       0
     16 C0000016               1               27.224422
     17 C0000017               0                       0
     18 C0000018               1               27.224422
     19 C0000019              -1               27.224422
     20 C0000020               3                       0
     21 C0000021              -1               14.387989
     22 C0000022               1               12.836433
     23 C0000023              -1               18.707176
     24 C0000024               1                       0
     25 C0000025              -1               22.272991
     26 C0000026               1               4.9514304
     27 C0000027              -1               21.485832
     28 C0000028               1                       0
     29 C0000029              -1               21.186789
     30 C0000030               1                6.037632
     31 C0000031              -1               10.347618
     32 C0000032               1                       0
     33 C0000033              -1               12.337698
     34 C0000034               1                       0
     35 C0000035              -1               20.549451
     36 C0000036               1                       0
     37 C0000037     -0.47685132                       0
     38 C0000038               1               27.224422
     39 C0000039              -1               17.186654
     40 C0000040               1                       0
     41 C0000041              -1               9.1945478
     42 C0000042               1                       0
     43 C0000043              -1                       0
     44 C0000044               1               8.4601757
     45 C0000045              -1                       0
     46 C0000046               1               15.356648
     47 C0000047              -1               27.224422
     48 C0000048       1.4028786                       0
     49 C0000049               1              -3882.6059
     50 C0000050       -1.000002                       0
     51 C0000051        0.999998                       0
     52 C0000052              -1              -531.70083
     53 C0000053               1              -116.70139
     54 C0000054       -1.000002                       0
     55 C0000055           1e-06              -4531.0082
     56 C0000056        3.225555              -27.224422
      0 X0000000               0               24.617245
      1 X0000001               0               26.223986
      2 X0000002               0               1.5404404
      3 X0000003      0.63248018                       0
      4 X0000004               0               12.344168
      5 X0000005               0                 4.14013
      6 X0000006      0.63005992                       0
      7 X0000007   1.2374734e-06                       0
      8 X0000008             0.5                       0
      9 X0000009               1                       0
     10 X0000010               0                       0
     11 X0000011               0               8.5172456
     12 X0000012               0                       0
     13 X0000013               0               5.7385894
     14 X0000014               0                       0
     15 X0000015               0               16.876804
     16 X0000016               0               14.886724
     17 X0000017               0               6.6749704
     18 X0000018      0.26157434                       0
     19 X0000019               0               10.037768
     20 X0000020               0               18.029874
     21 X0000021               0               18.764246
     22 X0000022               0               11.867773
     23 X0000023      0.20143931                       0
     24 X0000024              18                       0
     25 X0000025              34                       0
     26 X0000026              15                       0
     27 X0000027       8.1624009                       0
     28 X0000028               2                       0
     29 X0000029               3                       0
     30 X0000030       30.971139                       0
     31 X0000031       21.999973                       0
     32 X0000032              16              0.02805189
     33 X0000033              14             -0.92162603
     34 X0000034              35                       0
     35 X0000035               4                       0
     36 X0000036              12                       0
     37 X0000037               5                       0
     38 X0000038              33                       0
     39 X0000039               3                       0
     40 X0000040               1                       0
     41 X0000041               4                       0
     42 X0000042       25.844898                       0
     43 X0000043               3                       0
     44 X0000044               1                       0
     45 X0000045              35                       0
     46 X0000046              22                       0
     47 X0000047        18.02159                       0
     48 X0000048           1e-06                       0
