Optimal - objective value 63.00004020
      0 C0000000             365               1086.1127
      1 C0000001              -1               90.091586
      2 C0000002       2.0097714                       0
      3 C0000003               0                       0
      4 C0000004               1               90.091586
      5 C0000005              -1               90.091586
      6 C0000006       1.6439101                       0
      7 C0000007     -0.01431947                       0
      8 C0000008               1               90.091586
      9 C0000009              -1               76.332847
     10 C0000010               1                       0
     11 C0000011              -1               90.091586
     12 C0000012               3                       0
     13 C0000013              -1               90.091586
     14 C0000014       1.0000013                       0
     15 C0000015              -1               90.091586
     16 C0000016               3                       0
     17 C0000017               0                       0
     18 C0000018               1               90.091586
     19 C0000019              -1               90.091586
     20 C0000020               3                       0
     21 C0000021              -1               90.091586
     22 C0000022       1.0000002                       0
     23 C0000023       -0.004866                       0
     24 C0000024               1               90.091586
     25 C0000025               1              -396003.78
     26 C0000026       -1.000413                       0
     27 C0000027      0.99958698                       0
     28 C0000028              -1              -1211.6435
     29 C0000029      0.99958699                       0
     30 C0000030              -1                       0
     31 C0000031    0.0002065076              -397215.42
     32 C0000032       5.8172487              -90.091586
     33 C0000033       12.039086                       0
     34 C0000034       12.039086                       0
     35 C0000035       32.458223                       0
     36 C0000036       32.458223              -2.6775503
     37 C0000037              20                       0
     38 C0000038              20                       0
     39 C0000039              14                       0
     40 C0000040              14                       0
     41 C0000041             6.5                       0
     42 C0000042             6.5                       0
     43 C0000043              55                       0
     44 C0000044              55                       0
     45 C0000045        1.507299                       0
     46 C0000046        1.507299                       0
     47 C0000047              24                       0
     48 C0000048              24                       0
     49 C0000049            12.5                       0
     50 C0000050            12.5                       0
     51 C0000051       77.995347                       0
     52 C0000052       77.995347            -0.039794172
      0 X0000000      0.50488569                       0
      1 X0000001             0.5                       0
      2 X0000002      0.32195504                       0
      3 X0000003      0.49284027                       0
      4 X0000004               0               13.758738
      5 X0000005               1                       0
      6 X0000006   6.3816478e-07                       0
      7 X0000007               1                       0
      8 X0000008             0.5                       0
      9 X0000009               1                       0
     10 X0000010   1.0864329e-07                       0
     11 X0000011        0.497567                       0
     12 X0000012       12.039086                       0
     13 X0000013            12.5               44.054911
     14 X0000014       77.995347                       0
     15 X0000015       32.458223                       0
     16 X0000016              55                       0
     17 X0000017              14             -0.50543052
     18 X0000018        63.00004                       0
     19 X0000019              24              -6.2045044
     20 X0000020             6.5               40.005622
     21 X0000021              20              -59.400833
     22 X0000022       46.000005                       0
     23 X0000023        1.507299                       0
     24 X0000024    0.0002065076                       0
