Optimal - objective value 0.99999935
      0 C0000000             365              0.54915217
      1 C0000001              -1              0.17604088
      2 C0000002               1                       0
      3 C0000003              -1              0.61338296
      4 C0000004               1             0.033250952
      5 C0000005              -1             0.074190421
      6 C0000006               1                       0
      7 C0000007              -1              0.63282693
      8 C0000008               1             0.013806984
      9 C0000009              -1               0.5802579
     10 C0000010               1                       0
     11 C0000011              -1               0.4742146
     12 C0000012               1                       0
     13 C0000013              -1               0.1674634
     14 C0000014               1                       0
     15 C0000015              -1             0.044871136
     16 C0000016               1                       0
     17 C0000017              -1              0.14641668
     18 C0000018               1                       0
     19 C0000019              -1              0.38333994
     20 C0000020               1                       0
     21 C0000021              -1              0.64663392
     22 C0000022       1.3202473                       0
     23 C0000023              -1               0.3623337
     24 C0000024               1                       0
     25 C0000025     -0.99999871                       0
     26 C0000026               1              0.64663392
     27 C0000027              -1              0.50727449
     28 C0000028               1              0.13935943
     29 C0000029              -1              0.55796135
     30 C0000030               1                       0
     31 C0000031     -0.58363749                       0
     32 C0000032               1              0.64663392
     33 C0000033              -1               0.1736405
     34 C0000034               1                       0
     35 C0000035              -1              0.35853852
     36 C0000036               1                       0
     37 C0000037              -1              0.15797661
     38 C0000038               1                       0
     39 C0000039              -1              0.64663392
     40 C0000040       1.2089926                       0
     41 C0000041              -1              0.38379908
     42 C0000042               1                       0
     43 C0000043              -1              0.15188444
     44 C0000044               1                       0
     45 C0000045              -1              0.25189141
     46 C0000046               1                       0
     47 C0000047              -1               0.3775375
     48 C0000048               1                       0
     49 C0000049              -1             0.080194485
     50 C0000050               1                       0
     51 C0000051              -1               0.2063943
     52 C0000052               1                       0
     53 C0000053              -1              0.27459972
     54 C0000054               1                       0
     55 C0000055              -1              0.23516104
     56 C0000056               1                       0
     57 C0000057              -1              0.44538635
     58 C0000058               1                       0
     59 C0000059              -1              0.43150263
     60 C0000060               1                       0
     61 C0000061              -1              0.40459615
     62 C0000062               1                       0
     63 C0000063              -1             0.068783023
     64 C0000064               1                       0
     65 C0000065              -1              0.25362604
     66 C0000066               1                       0
     67 C0000067              -1              0.64663392
     68 C0000068       1.1438286                       0
     69 C0000069              -1              0.22892946
     70 C0000070               1                       0
     71 C0000071              -1               0.5878092
     72 C0000072               1                       0
     73 C0000073              -1              0.51305464
     74 C0000074               1                       0
     75 C0000075              -1              0.21494072
     76 C0000076               1                       0
     77 C0000077              -1              0.33420682
     78 C0000078               1               0.3124271
     79 C0000079              -1              0.36937173
     80 C0000080               1                       0
     81 C0000081              -1              0.41830922
     82 C0000082               1                       0
     83 C0000083              -1              0.11027495
     84 C0000084               1                       0
     85 C0000085              -1              0.51709359
     86 C0000086               1                       0
     87 C0000087              -1              0.19761817
     88 C0000088               1                       0
     89 C0000089              -1                       0
     90 C0000090               1              0.36123856
     91 C0000091              -1               0.1902232
     92 C0000092               1                       0
     93 C0000093              -1              0.13971558
     94 C0000094               1                       0
     95 C0000095              -1              0.25878931
     96 C0000096               1                       0
     97 C0000097               1              -196.50221
     98 C0000098       -1.000002                       0
     99 C0000099        0.999998                       0
    100 C0000100              -1              -14.508765
    101 C0000101               1               -4.251673
    102 C0000102       -1.000002                       0
    103 C0000103           1e-06              -215.26265
    104 C0000104      0.54471617             -0.64663392
      0 X0000000               0              0.47059304
      1 X0000001               0                       0
      2 X0000002               0               0.5724435
      3 X0000003               0                       0
      4 X0000004               0             0.066376019
      5 X0000005               0              0.17241931
      6 X0000006               0              0.47917052
      7 X0000007               0              0.60176278
      8 X0000008               0              0.50021723
      9 X0000009               0              0.26329398
     10 X0000010      0.16012366                       0
     11 X0000011               0              0.28430022
     12 X0000012   6.4663389e-07                       0
     13 X0000013               0                       0
     14 X0000014               0             0.088672564
     15 X0000015      0.20818126                       0
     16 X0000016               0              0.47299341
     17 X0000017               0               0.2880954
     18 X0000018               0               0.4886573
     19 X0000019      0.10449629                       0
     20 X0000020               0              0.26283483
     21 X0000021               0              0.49474948
     22 X0000022               0              0.39474251
     23 X0000023               0              0.26909642
     24 X0000024               0              0.56643943
     25 X0000025               0              0.44023962
     26 X0000026               0              0.37203419
     27 X0000027               0              0.41147287
     28 X0000028               0              0.20124756
     29 X0000029               0              0.21513129
     30 X0000030               0              0.24203777
     31 X0000031               0              0.57785089
     32 X0000032               0              0.39300788
     33 X0000033     0.071914315                       0
     34 X0000034               0              0.41770446
     35 X0000035               0             0.058824711
     36 X0000036               0              0.13357927
     37 X0000037               0               0.4316932
     38 X0000038               0                       0
     39 X0000039               0              0.27726218
     40 X0000040               0              0.22832469
     41 X0000041               0              0.53635896
     42 X0000042               0              0.12954032
     43 X0000043               0              0.44901575
     44 X0000044               0              0.28539535
     45 X0000045               0              0.45641072
     46 X0000046               0              0.50691834
     47 X0000047               0              0.38784461
     48 X0000048               6                       0
     49 X0000049              19                       0
     50 X0000050               7                       0
     51 X0000051               4                       0
     52 X0000052               4                       0
     53 X0000053               3                       0
     54 X0000054               1                       0
     55 X0000055               3                       0
     56 X0000056               2                       0
     57 X0000057               3                       0
     58 X0000058       17.401855                       0
     59 X0000059               4                       0
     60 X0000060      0.99999935                       0
     61 X0000061               8                       0
     62 X0000062               4                       0
     63 X0000063        19.00365                       0
     64 X0000064              18                       0
     65 X0000065               5                       0
     66 X0000066              16                       0
     67 X0000067       9.9404666                       0
     68 X0000068               2                       0
     69 X0000069               1                       0
     70 X0000070               2                       0
     71 X0000071               6                       0
     72 X0000072              23                       0
     73 X0000073               1                       0
     74 X0000074              10                       0
     75 X0000075               1                       0
     76 X0000076              14                       0
     77 X0000077               4                       0
     78 X0000078               3                       0
     79 X0000079              13                       0
     80 X0000080               1                       0
     81 X0000081       24.654029                       0
     82 X0000082               4                       0
     83 X0000083               4                       0
     84 X0000084               6                       0
     85 X0000085               1                       0
     86 X0000086              20                       0
     87 X0000087               4                       0
     88 X0000088              19                       0
     89 X0000089               9                       0
     90 X0000090               8                       0
     91 X0000091               2                       0
     92 X0000092              19                       0
     93 X0000093               3                       0
     94 X0000094               1                       0
     95 X0000095               5                       0
     96 X0000096           1e-06                       0
