Optimal - objective value 0.00000000
      0 C0000000               1                       0
      1 C0000001              -1                       0
      2 C0000002               1                       0
      3 C0000003              -1                       0
      4 C0000004               1                       0
      5 C0000005              -1                       0
      6 C0000006               1                       0
      7 C0000007              -1                       0
      8 C0000008             365                       0
      9 C0000009              -1                       0
     10 C0000010               1                       0
     11 C0000011               0                       0
     12 C0000012               1                       0
     13 C0000013     -0.38169828                       0
     14 C0000014               1                       0
     15 C0000015               0                       0
     16 C0000016               1                       0
     17 C0000017              -1                       0
     18 C0000018               3                       0
     19 C0000019   6.5168267e-11                       0
     20 C0000020               1                       0
     21 C0000021              -1                       0
     22 C0000022               1                       0
     23 C0000023              -1                       0
     24 C0000024               1                       0
     25 C0000025               0                       0
     26 C0000026               1                       0
     27 C0000027              -1                       0
     28 C0000028               1                       0
     29 C0000029              -1                       0
     30 C0000030               1                       0
     31 C0000031              -1                       0
     32 C0000032               3                       0
     33 C0000033              -1                       0
     34 C0000034       1.4093105                       0
     35 C0000035              -1                       0
     36 C0000036       1.4710857                       0
     37 C0000037              -1                       0
     38 C0000038               3                       0
     39 C0000039  -7.9919207e-14                       0
     40 C0000040               1                       0
     41 C0000041              -1                       0
     42 C0000042       2.0638953                       0
     43 C0000043              -1                       0
     44 C0000044               1                       0
     45 C0000045              -1                       0
     46 C0000046               3                       0
     47 C0000047              -1                       0
     48 C0000048               3                       0
     49 C0000049               0                       0
     50 C0000050               1                       0
     51 C0000051              -1                       0
     52 C0000052               1                       0
     53 C0000053               0                       0
     54 C0000054               1                       0
     55 C0000055              -1                       0
     56 C0000056               1                       0
     57 C0000057              -1                       0
     58 C0000058               3                       0
     59 C0000059               0                       0
     60 C0000060               1                       0
     61 C0000061               0                       0
     62 C0000062               1                       0
     63 C0000063               0                       0
     64 C0000064               1                       0
     65 C0000065              -1                       0
     66 C0000066               3                       0
     67 C0000067              -1                       0
     68 C0000068               1                       0
     69 C0000069               0                       0
     70 C0000070               1                       0
     71 C0000071  -4.0000941e-14                       0
     72 C0000072               1                       0
     73 C0000073               0                       0
     74 C0000074               1                       0
     75 C0000075  -1.1014346e-13                       0
     76 C0000076               1                       0
     77 C0000077              -1                       0
     78 C0000078               1                       0
     79 C0000079               0                       0
     80 C0000080               1                       0
     81 C0000081  -2.0033108e-13                       0
     82 C0000082               1                       0
     83 C0000083              -1                       0
     84 C0000084               1                       0
     85 C0000085               0                       0
     86 C0000086               1                       0
     87 C0000087              -1                       0
     88 C0000088               1                       0
     89 C0000089  -3.0207578e-14                       0
     90 C0000090               1                       0
     91 C0000091   9.9951969e-14                       0
     92 C0000092               1                       0
     93 C0000093              -1                       0
     94 C0000094               1                       0
     95 C0000095              -1                       0
     96 C0000096               3                       0
     97 C0000097              -1                       0
     98 C0000098               1                       0
     99 C0000099              -1                       0
    100 C0000100               1                       0
    101 C0000101              -1                       0
    102 C0000102               1                       0
    103 C0000103               0                       0
    104 C0000104               1                       0
      0 X0000000               0                       0
      1 X0000001             0.5                       0
      2 X0000002      0.30915086                       0
      3 X0000003             0.5                       0
      4 X0000004               1                       0
      5 X0000005             0.5                       0
      6 X0000006               0                       0
      7 X0000007               0                       0
      8 X0000008             0.5                       0
      9 X0000009               0                       0
     10 X0000010               0                       0
     11 X0000011               1                       0
     12 X0000012      0.20465526                       0
     13 X0000013      0.23554285                       0
     14 X0000014               1                       0
     15 X0000015             0.5                       0
     16 X0000016      0.53194766                       0
     17 X0000017               0                       0
     18 X0000018               1                       0
     19 X0000019               1                       0
     20 X0000020             0.5                       0
     21 X0000021               0                       0
     22 X0000022             0.5                       0
     23 X0000023               0                       0
     24 X0000024               1                       0
     25 X0000025             0.5                       0
     26 X0000026             0.5                       0
     27 X0000027             0.5                       0
     28 X0000028               1                       0
     29 X0000029               0                       0
     30 X0000030             0.5                       0
     31 X0000031             0.5                       0
     32 X0000032             0.5                       0
     33 X0000033             0.5                       0
     34 X0000034               0                       0
     35 X0000035             0.5                       0
     36 X0000036             0.5                       0
     37 X0000037               0                       0
     38 X0000038             0.5                       0
     39 X0000039               0                       0
     40 X0000040             0.5                       0
     41 X0000041             0.5                       0
     42 X0000042               0                       0
     43 X0000043               1                       0
     44 X0000044               0                       0
     45 X0000045               0                       0
     46 X0000046               0                       0
     47 X0000047             0.5                       0
     48 X0000048               6                       0
     49 X0000049             9.5                       0
     50 X0000050        4.835944                       0
     51 X0000051               2                       0
     52 X0000052               8                       0
     53 X0000053             1.5                       0
     54 X0000054               1                       0
     55 X0000055               3                       0
     56 X0000056               1                       0
     57 X0000057               3                       0
     58 X0000058              15                       0
     59 X0000059               8                       0
     60 X0000060       1.2046553                       0
     61 X0000061       9.8843428                       0
     62 X0000062               8                       0
     63 X0000063              12                       0
     64 X0000064       27.575058                       0
     65 X0000065               5                       0
     66 X0000066              32                       0
     67 X0000067              18                       0
     68 X0000068               1                       0
     69 X0000069               1                       0
     70 X0000070               1                       0
     71 X0000071               6                       0
     72 X0000072              46                       0
     73 X0000073             0.5                       0
     74 X0000074               5                       0
     75 X0000075             0.5                       0
     76 X0000076              28                       0
     77 X0000077               4                       0
     78 X0000078             1.5                       0
     79 X0000079             6.5                       0
     80 X0000080             0.5                       0
     81 X0000081            11.5                       0
     82 X0000082               4                       0
     83 X0000083               2                       0
     84 X0000084               3                       0
     85 X0000085               1                       0
     86 X0000086              10                       0
     87 X0000087               4                       0
     88 X0000088             9.5                       0
     89 X0000089             4.5                       0
     90 X0000090               8                       0
     91 X0000091               4                       0
     92 X0000092              19                       0
     93 X0000093               3                       0
     94 X0000094               1                       0
     95 X0000095             2.5                       0
     96 X0000096               0                       1
