Optimal - objective value 0.00000000
      0 C0000000             365                       0
      1 C0000001               1                       0
      2 C0000002              -1                       0
      3 C0000003               1                       0
      4 C0000004              -1                       0
      5 C0000005               1                       0
      6 C0000006              -1                       0
      7 C0000007               1                       0
      8 C0000008              -1                       0
      0 X0000000              12                       0
      1 X0000001        11.91367                       0
      2 X0000002             3.5                       0
      3 X0000003               2                       0
      4 X0000004               2                       0
      5 X0000005             1.5                       0
      6 X0000006             0.5                       0
      7 X0000007             1.5                       0
      8 X0000008               1                       0
      9 X0000009             1.5                       0
     10 X0000010              30                       0
     11 X0000011               2                       0
     12 X0000012             0.5                       0
     13 X0000013               4                       0
     14 X0000014               8                       0
     15 X0000015              12                       0
     16 X0000016       10.463345                       0
     17 X0000017             2.5                       0
     18 X0000018               8                       0
     19 X0000019              18                       0
     20 X0000020               1                       0
     21 X0000021             0.5                       0
     22 X0000022               1                       0
     23 X0000023              12                       0
     24 X0000024            11.5                       0
     25 X0000025             0.5                       0
     26 X0000026              20                       0
     27 X0000027             0.5                       0
     28 X0000028              28                       0
     29 X0000029       5.4977279                       0
     30 X0000030             1.5                       0
     31 X0000031             6.5                       0
     32 X0000032               2                       0
     33 X0000033            11.5                       0
     34 X0000034               8                       0
     35 X0000035               2                       0
     36 X0000036               3                       0
     37 X0000037             0.5                       0
     38 X0000038              40                       0
     39 X0000039               2                       0
     40 X0000040              38                       0
     41 X0000041             4.5                       0
     42 X0000042               4                       0
     43 X0000043               4                       0
     44 X0000044       11.411397                       0
     45 X0000045               6                       0
     46 X0000046             0.5                       0
     47 X0000047         6.21386                       0
     48 X0000048               0                       1
