Optimal - objective value 11.50000000
      0 C0000000             365                       0
      1 C0000001              -1                       0
      2 C0000002       1.7463406                       0
      3 C0000003     -0.75040906                       0
      4 C0000004               1                       0
      5 C0000005              -1                       0
      6 C0000006               1                       0
      7 C0000007              -1                       0
      8 C0000008               1                       0
      9 C0000009     -0.99999641                       0
     10 C0000010               1                       0
     11 C0000011              -1                       0
     12 C0000012               1                       0
     13 C0000013              -1                       0
     14 C0000014               1                       0
     15 C0000015              -1                       0
     16 C0000016       2.6795251                       0
     17 C0000017     -0.98635849                       0
     18 C0000018               1                       0
     19 C0000019              -1                       0
     20 C0000020               3                       0
     21 C0000021              -1                       0
     22 C0000022               1                       0
     23 C0000023  -1.1019947e-13                       0
     24 C0000024               1                       0
     25 C0000025        0.999998                       0
     26 C0000026              -1                       0
     27 C0000027        0.999998                       0
     28 C0000028              -1                       0
     29 C0000029        0.999998                       0
     30 C0000030              -1                       0
     31 C0000031           1e-06                       0
     32 C0000032       2.8445509                       0
     33 C0000033        10.99998                       0
     34 C0000034        10.99998                       0
      0 X0000000      0.37317032                       0
      1 X0000001      0.12479547                       0
      2 X0000002               0                       0
      3 X0000003               0                       0
      4 X0000004   1.7927014e-06                       0
      5 X0000005               0                       0
      6 X0000006               0                       0
      7 X0000007      0.83976257                       0
      8 X0000008    0.0068207575                       0
      9 X0000009               1                       0
     10 X0000010               0                       0
     11 X0000011             0.5                       0
     12 X0000012       5.4926813                       0
     13 X0000013       47.261045                       0
     14 X0000014              46                       0
     15 X0000015               7                       0
     16 X0000016        10.99998                       0
     17 X0000017              63                       0
     18 X0000018              50                       0
     19 X0000019       20.237388                       0
     20 X0000020       71.508905                       0
     21 X0000021              16                       0
     22 X0000022              16                       0
     23 X0000023            11.5                       1
     24 X0000024           1e-06                       0
