Optimal - objective value 0.99999998
      0 C0000000             365              0.28565262
      1 C0000001              -1                       0
      2 C0000002               1             0.071588417
      3 C0000003              -1                       0
      4 C0000004               1              0.02747019
      5 C0000005              -1              0.70523635
      6 C0000006               1                       0
      7 C0000007              -1               0.7475341
      8 C0000008       2.2649605                       0
      9 C0000009              -1              0.40858524
     10 C0000010               1                       0
     11 C0000011              -1              0.63385351
     12 C0000012               1                       0
     13 C0000013              -1               0.7475341
     14 C0000014         2.26012                       0
     15 C0000015     -0.99999762                       0
     16 C0000016               1               0.7475341
     17 C0000017               0                       0
     18 C0000018               1               0.7475341
     19 C0000019              -1               0.7475341
     20 C0000020               3                       0
     21 C0000021     -0.99999999                       0
     22 C0000022               1               0.7475341
     23 C0000023              -1              0.51366572
     24 C0000024               1                       0
     25 C0000025              -1              0.47561919
     26 C0000026               1                       0
     27 C0000027              -1              0.58996266
     28 C0000028               1                       0
     29 C0000029              -1              0.41596887
     30 C0000030               1                       0
     31 C0000031              -1              0.28412715
     32 C0000032               1                       0
     33 C0000033              -1              0.33877119
     34 C0000034               1                       0
     35 C0000035              -1              0.56425131
     36 C0000036               1                       0
     37 C0000037     -0.47685129                       0
     38 C0000038               1               0.7475341
     39 C0000039              -1              0.60972449
     40 C0000040               1              0.13780961
     41 C0000041     -0.99999995                       0
     42 C0000042               1               0.7475341
     43 C0000043              -1              0.25761638
     44 C0000044               1              0.48991773
     45 C0000045              -1                       0
     46 C0000046               1              0.42166619
     47 C0000047              -1               0.7475341
     48 C0000048       1.4028784                       0
     49 C0000049               1              -106.60944
     50 C0000050       -1.000002                       0
     51 C0000051        0.999998                       0
     52 C0000052              -1              -14.599557
     53 C0000053               1              -3.2044121
     54 C0000054       -1.000002                       0
     55 C0000055           1e-06              -124.41341
     56 C0000056        3.225555              -0.7475341
     57 C0000057       21.999974                       0
     58 C0000058       21.999974            -0.027458218
     59 C0000059               1                       0
     60 C0000060               1                       0
     61 C0000061              16                       0
     62 C0000062              16                       0
     63 C0000063               4                       0
     64 C0000064               4                       0
     65 C0000065              35                       0
     66 C0000066              35            -0.022575345
     67 C0000067               2                       0
     68 C0000068               2                       0
     69 C0000069               4                       0
     70 C0000070               4                       0
      0 X0000000               0              0.67594568
      1 X0000001               0              0.72006391
      2 X0000002               0             0.042297748
      3 X0000003      0.63248023                       0
      4 X0000004               0              0.33894886
      5 X0000005               0              0.11368059
      6 X0000006      0.63005998                       0
      7 X0000007    1.192019e-06                       0
      8 X0000008             0.5                       0
      9 X0000009               1                       0
     10 X0000010   6.1796644e-09                       0
     11 X0000011               0              0.23386839
     12 X0000012               0              0.27191491
     13 X0000013               0              0.15757144
     14 X0000014               0              0.33156523
     15 X0000015               0              0.46340696
     16 X0000016               0              0.40876291
     17 X0000017               0              0.18328279
     18 X0000018      0.26157435                       0
     19 X0000019               0                       0
     20 X0000020   2.2575353e-08                       0
     21 X0000021               0                       0
     22 X0000022               0              0.32586791
     23 X0000023      0.20143921                       0
     24 X0000024              18                       0
     25 X0000025              34                       0
     26 X0000026              15                       0
     27 X0000027       8.1624012                       0
     28 X0000028               2                       0
     29 X0000029               3                       0
     30 X0000030        30.97114                       0
     31 X0000031       21.999974                       0
     32 X0000032              16           0.00077025491
     33 X0000033              14            -0.025306208
     34 X0000034              35                       0
     35 X0000035               4                       0
     36 X0000036              12                       0
     37 X0000037               5                       0
     38 X0000038              33                       0
     39 X0000039               3                       0
     40 X0000040               1                       0
     41 X0000041               4                       0
     42 X0000042       25.844898                       0
     43 X0000043               3                       0
     44 X0000044      0.99999998                       0
     45 X0000045              35                       0
     46 X0000046              22                       0
     47 X0000047       18.021588                       0
     48 X0000048           1e-06                       0
