Optimal - objective value 0.00054802
      0 C0000000             365            0.0027401014
      1 C0000001     -0.69738682                       0
      2 C0000002               1                       0
      3 C0000003              -1                       0
      4 C0000004               1                       0
      5 C0000005              -1                       0
      6 C0000006        1.616307                       0
      7 C0000007              -1                       0
      8 C0000008               3                       0
      9 C0000009               0                       0
     10 C0000010               1                       0
     11 C0000011  -2.0006118e-13                       0
     12 C0000012               1                       0
     13 C0000013  -5.0257434e-14                       0
     14 C0000014               1                       0
     15 C0000015              -1                       0
     16 C0000016               3                       0
     17 C0000017              -1                       0
     18 C0000018               1                       0
     19 C0000019               0                       0
     20 C0000020               1                       0
     21 C0000021              -1                       0
     22 C0000022               1                       0
     23 C0000023              -1                       0
     24 C0000024       1.0295391                       0
     25 C0000025               1                      -1
     26 C0000026       -1.001096                       0
     27 C0000027      0.99890396                       0
     28 C0000028              -1                       0
     29 C0000029      0.99890396                       0
     30 C0000030              -1                       0
      0 X0000000      0.15130659                       0
      1 X0000001               0                       0
      2 X0000002       0.3081535                       0
      3 X0000003               1                       0
      4 X0000004             0.5                       0
      5 X0000005             0.5                       0
      6 X0000006             0.5                       0
      7 X0000007               1                       0
      8 X0000008               0                       0
      9 X0000009             0.5                       0
     10 X0000010               0                       0
     11 X0000011     0.014769559                       0
     12 X0000012       46.678138                       0
     13 X0000013              65                       0
     14 X0000014       10.465228                       0
     15 X0000015              20          -0.00013700507
     16 X0000016             5.5           0.00013700507
     17 X0000017               3           0.00013700507
     18 X0000018            10.5           0.00013700507
     19 X0000019              36                       0
     20 X0000020              81                       0
     21 X0000021               4           0.00013700507
     22 X0000022              24                       0
     23 X0000023       58.856634                       0
     24 X0000024   0.00054802028                       0
