Optimal - objective value 77.99534626
      0 C0000000             365               2629.3092
      1 C0000001              -1               212.40362
      2 C0000002       2.0097714                       0
      3 C0000003               0                       0
      4 C0000004               1               212.40362
      5 C0000005              -1               212.40362
      6 C0000006         1.64391                       0
      7 C0000007     -0.01431947                       0
      8 C0000008               1               212.40362
      9 C0000009              -1               139.20023
     10 C0000010               1                       0
     11 C0000011              -1               212.40362
     12 C0000012               3                       0
     13 C0000013              -1               212.40362
     14 C0000014       1.0000013                       0
     15 C0000015              -1               212.40362
     16 C0000016               3                       0
     17 C0000017               0                       0
     18 C0000018               1               212.40362
     19 C0000019              -1               212.40362
     20 C0000020               3                       0
     21 C0000021              -1               212.40362
     22 C0000022       1.0000003                       0
     23 C0000023       -0.004866                       0
     24 C0000024               1               212.40362
     25 C0000025               1              -960028.91
     26 C0000026       -1.000413                       0
     27 C0000027      0.99958698                       0
     28 C0000028              -1              -3142.4963
     29 C0000029      0.99958698                       0
     30 C0000030              -1              -967.27724
     31 C0000031    0.0002065076              -964138.68
     32 C0000032       5.8172487              -212.40362
     33 C0000033       12.039085                       0
     34 C0000034       12.039085                       0
     35 C0000035       32.458223                       0
     36 C0000036       32.458223              -4.5143106
     37 C0000037              20                       0
     38 C0000038              20                       0
     39 C0000039              14                       0
     40 C0000040              14                       0
     41 C0000041             6.5                       0
     42 C0000042             6.5                       0
     43 C0000043              55                       0
     44 C0000044              55                       0
     45 C0000045        1.507299                       0
     46 C0000046        1.507299                       0
     47 C0000047              24                       0
     48 C0000048              24                       0
     49 C0000049            12.5                       0
     50 C0000050            12.5                       0
      0 X0000000      0.50488568                       0
      1 X0000001             0.5                       0
      2 X0000002      0.32195502                       0
      3 X0000003      0.49284027                       0
      4 X0000004               0               73.203398
      5 X0000005               1                       0
      6 X0000006     6.38796e-07                       0
      7 X0000007               1                       0
      8 X0000008             0.5                       0
      9 X0000009               1                       0
     10 X0000010   1.3047724e-07                       0
     11 X0000011        0.497567                       0
     12 X0000012       12.039085                       0
     13 X0000013            12.5               107.89689
     14 X0000014       77.995346                       0
     15 X0000015       32.458223                       0
     16 X0000016              55                       0
     17 X0000017              14             -0.82743368
     18 X0000018        63.00004                       0
     19 X0000019              24              -18.020595
     20 X0000020             6.5               96.556798
     21 X0000021              20              -143.76613
     22 X0000022       46.000006                       0
     23 X0000023        1.507299                       0
     24 X0000024    0.0002065076                       0
