Optimal - objective value 0.00000000
      0 C0000000               1                       0
      1 C0000001              -1                       0
      2 C0000002               1                       0
      3 C0000003              -1                       0
      4 C0000004               1                       0
      5 C0000005              -1                       0
      6 C0000006               1                       0
      7 C0000007              -1                       0
      8 C0000008             365                       0
      9 C0000009              -1                       0
     10 C0000010               1                       0
     11 C0000011              -1                       0
     12 C0000012               1                       0
     13 C0000013   3.9833577e-14                       0
     14 C0000014               1                       0
     15 C0000015               0                       0
     16 C0000016               1                       0
     17 C0000017               0                       0
     18 C0000018               1                       0
     19 C0000019              -1                       0
     20 C0000020               1                       0
     21 C0000021  -4.9946262e-14                       0
     22 C0000022               1                       0
     23 C0000023              -1                       0
     24 C0000024               3                       0
     25 C0000025              -1                       0
     26 C0000026               1                       0
     27 C0000027              -1                       0
     28 C0000028               3                       0
     29 C0000029              -1                       0
     30 C0000030               3                       0
     31 C0000031              -1                       0
     32 C0000032       2.2951381                       0
     33 C0000033              -1                       0
     34 C0000034       2.5018239                       0
     35 C0000035              -1                       0
     36 C0000036         2.02234                       0
     37 C0000037              -1                       0
     38 C0000038               3                       0
     39 C0000039               0                       0
     40 C0000040               1                       0
     41 C0000041              -1                       0
     42 C0000042               1                       0
     43 C0000043   3.9919318e-14                       0
     44 C0000044               1                       0
     45 C0000045              -1                       0
     46 C0000046               1                       0
     47 C0000047              -1                       0
     48 C0000048        1.666403                       0
     49 C0000049              -1                       0
     50 C0000050               3                       0
     51 C0000051               0                       0
     52 C0000052               1                       0
     53 C0000053               0                       0
     54 C0000054               1                       0
     55 C0000055   9.9938573e-14                       0
     56 C0000056               1                       0
     57 C0000057               0                       0
     58 C0000058               1                       0
     59 C0000059              -1                       0
     60 C0000060               3                       0
     61 C0000061               0                       0
     62 C0000062               1                       0
     63 C0000063              -1                       0
     64 C0000064               1                       0
     65 C0000065              -1                       0
     66 C0000066               1                       0
     67 C0000067               0                       0
     68 C0000068               1                       0
     69 C0000069              -1                       0
     70 C0000070       2.0002966                       0
     71 C0000071              -1                       0
     72 C0000072               1                       0
     73 C0000073              -1                       0
     74 C0000074               1                       0
     75 C0000075               0                       0
     76 C0000076               1                       0
     77 C0000077               0                       0
     78 C0000078               1                       0
     79 C0000079              -1                       0
     80 C0000080               3                       0
     81 C0000081              -1                       0
     82 C0000082               1                       0
     83 C0000083              -1                       0
     84 C0000084               3                       0
     85 C0000085  -3.0209722e-14                       0
     86 C0000086               1                       0
     87 C0000087              -1                       0
     88 C0000088               1                       0
     89 C0000089              -1                       0
     90 C0000090               1                       0
     91 C0000091  -3.0039331e-14                       0
     92 C0000092               1                       0
     93 C0000093              -1                       0
     94 C0000094               1                       0
     95 C0000095               0                       0
     96 C0000096               1                       0
     97 C0000097  -3.9749287e-14                       0
     98 C0000098               1                       0
     99 C0000099              -1                       0
    100 C0000100               1                       0
    101 C0000101              -1                       0
    102 C0000102               3                       0
    103 C0000103              -1                       0
    104 C0000104               1                       0
      0 X0000000               0                       0
      1 X0000001               0                       0
      2 X0000002             0.5                       0
      3 X0000003             0.5                       0
      4 X0000004             0.5                       0
      5 X0000005               0                       0
      6 X0000006             0.5                       0
      7 X0000007               1                       0
      8 X0000008               0                       0
      9 X0000009               1                       0
     10 X0000010               1                       0
     11 X0000011      0.64756904                       0
     12 X0000012      0.75091194                       0
     13 X0000013         0.51117                       0
     14 X0000014               1                       0
     15 X0000015             0.5                       0
     16 X0000016               0                       0
     17 X0000017             0.5                       0
     18 X0000018               0                       0
     19 X0000019       0.3332015                       0
     20 X0000020               1                       0
     21 X0000021             0.5                       0
     22 X0000022             0.5                       0
     23 X0000023             0.5                       0
     24 X0000024             0.5                       0
     25 X0000025               1                       0
     26 X0000026             0.5                       0
     27 X0000027               0                       0
     28 X0000028               0                       0
     29 X0000029             0.5                       0
     30 X0000030      0.50014831                       0
     31 X0000031               0                       0
     32 X0000032               0                       0
     33 X0000033             0.5                       0
     34 X0000034             0.5                       0
     35 X0000035               1                       0
     36 X0000036               0                       0
     37 X0000037               1                       0
     38 X0000038             0.5                       0
     39 X0000039               0                       0
     40 X0000040               0                       0
     41 X0000041             0.5                       0
     42 X0000042               0                       0
     43 X0000043             0.5                       0
     44 X0000044             0.5                       0
     45 X0000045               0                       0
     46 X0000046               1                       0
     47 X0000047               0                       0
     48 X0000048               3                       0
     49 X0000049              10                       0
     50 X0000050               6                       0
     51 X0000051              10                       0
     52 X0000052             1.5                       0
     53 X0000053               4                       0
     54 X0000054             7.5                       0
     55 X0000055               4                       0
     56 X0000056               2                       0
     57 X0000057              40                       0
     58 X0000058               2                       0
     59 X0000059       8.2378452                       0
     60 X0000060       31.516415                       0
     61 X0000061        33.24574                       0
     62 X0000062               8                       0
     63 X0000063             0.5                       0
     64 X0000064               4                       0
     65 X0000065               6                       0
     66 X0000066               8                       0
     67 X0000067       23.997627                       0
     68 X0000068               2                       0
     69 X0000069               1                       0
     70 X0000070               4                       0
     71 X0000071             1.5                       0
     72 X0000072             1.5                       0
     73 X0000073               8                       0
     74 X0000074               1                       0
     75 X0000075               5                       0
     76 X0000076              12                       0
     77 X0000077             0.5                       0
     78 X0000078       24.002373                       0
     79 X0000079               5                       0
     80 X0000080               4                       0
     81 X0000081               8                       0
     82 X0000082               5                       0
     83 X0000083               2                       0
     84 X0000084               1                       0
     85 X0000085               2                       0
     86 X0000086             9.5                       0
     87 X0000087              22                       0
     88 X0000088               4                       0
     89 X0000089             9.5                       0
     90 X0000090               1                       0
     91 X0000091             0.5                       0
     92 X0000092             6.5                       0
     93 X0000093               1                       0
     94 X0000094               8                       0
     95 X0000095               2                       0
     96 X0000096               0                       1
