Optimal - objective value 5.49268222
      0 C0000000             365              -46.304598
      1 C0000001              -1               12.418237
      2 C0000002       1.7463411                       0
      3 C0000003     -0.75040847                       0
      4 C0000004               1               12.418237
      5 C0000005              -1                       0
      6 C0000006               1              0.10512208
      7 C0000007              -1                8.350951
      8 C0000008               1                       0
      9 C0000009     -0.99999659                       0
     10 C0000010               1               12.418237
     11 C0000011              -1                4.242668
     12 C0000012               1               8.1755692
     13 C0000013              -1                       0
     14 C0000014               1               7.6792089
     15 C0000015              -1               12.418237
     16 C0000016       2.6795247                       0
     17 C0000017     -0.98635895                       0
     18 C0000018               1               12.418237
     19 C0000019              -1               12.418237
     20 C0000020               3                       0
     21 C0000021              -1                9.997467
     22 C0000022               1               2.4207702
     23 C0000023  -1.0993615e-13                       0
     24 C0000024               1               12.418237
     25 C0000025        0.999998                       0
     26 C0000026              -1              -16821.827
     27 C0000027        0.999998                       0
     28 C0000028              -1              -127.94597
     29 C0000029      0.99999801                       0
     30 C0000030              -1                       0
     31 C0000031           1e-06              -16949.773
     32 C0000032       2.8445509              -12.418237
     33 C0000033       10.999981                       0
     34 C0000034       10.999981                       0
     35 C0000035            11.5                       0
     36 C0000036            11.5                       0
     37 C0000037       47.261029                       0
     38 C0000038       47.261029            -0.058643434
     39 C0000039       71.508922                       0
     40 C0000040       71.508922                       0
      0 X0000000      0.37317056                       0
      1 X0000001      0.12479577                       0
      2 X0000002               0               12.313115
      3 X0000003               0               4.0672862
      4 X0000004    1.707123e-06                       0
      5 X0000005               0                       0
      6 X0000006               0               4.7390283
      7 X0000007      0.83976236                       0
      8 X0000008    0.0068205275                       0
      9 X0000009               1                       0
     10 X0000010               0                       0
     11 X0000011             0.5                       0
     12 X0000012       5.4926822                       0
     13 X0000013       47.261029                       0
     14 X0000014              46                       0
     15 X0000015               7                       0
     16 X0000016       10.999981                       0
     17 X0000017              63                       0
     18 X0000018              50                       0
     19 X0000019       20.237386                       0
     20 X0000020       71.508922                       0
     21 X0000021              16               -1.913843
     22 X0000022              16                       0
     23 X0000023            11.5               1.5151616
     24 X0000024           1e-06                       0
