Optimal - objective value 21.99999992
      0 C0000000             365               3.7136804
      1 C0000001              -1                       0
      2 C0000002               1               15.355341
      3 C0000003              -1               26.781718
      4 C0000004               1                       0
      5 C0000005              -1               3.6519416
      6 C0000006               1                       0
      7 C0000007              -1               25.462513
      8 C0000008               1                       0
      9 C0000009              -1               17.341574
     10 C0000010               1                       0
     11 C0000011              -1               21.377066
     12 C0000012               1                       0
     13 C0000013              -1               39.560549
     14 C0000014               3                       0
     15 C0000015              -1                       0
     16 C0000016               1               27.581213
     17 C0000017              -1               15.204709
     18 C0000018               1                       0
     19 C0000019              -1               23.618244
     20 C0000020               1                       0
     21 C0000021              -1               39.560549
     22 C0000022       1.6385241                       0
     23 C0000023      -0.3406675                       0
     24 C0000024               1               39.560549
     25 C0000025              -1               14.353757
     26 C0000026               1                       0
     27 C0000027              -1               12.957518
     28 C0000028               1                       0
     29 C0000029              -1               21.024238
     30 C0000030               1                       0
     31 C0000031              -1                       0
     32 C0000032               1               21.348609
     33 C0000033     -0.99999827                       0
     34 C0000034               1               39.560549
     35 C0000035              -1               27.600879
     36 C0000036               1                       0
     37 C0000037              -1               31.902226
     38 C0000038               1                       0
     39 C0000039              -1               17.069589
     40 C0000040               1                       0
     41 C0000041              -1               4.7243124
     42 C0000042               1                       0
     43 C0000043              -1                       0
     44 C0000044               1               17.050799
     45 C0000045              -1               39.560549
     46 C0000046       2.9999832                       0
     47 C0000047              -1               33.210708
     48 C0000048               1                       0
     49 C0000049              -1               19.885426
     50 C0000050               1                       0
     51 C0000051              -1               16.913915
     52 C0000052               1                       0
     53 C0000053     -0.98484971                       0
     54 C0000054               1               39.560549
     55 C0000055              -1               8.8144152
     56 C0000056               1                       0
     57 C0000057              -1               25.006395
     58 C0000058               1                       0
     59 C0000059              -1               5.3156108
     60 C0000060               1                       0
     61 C0000061              -1               12.904641
     62 C0000062               1                       0
     63 C0000063              -1               7.9156425
     64 C0000064               1                       0
     65 C0000065              -1               17.878395
     66 C0000066               1                       0
     67 C0000067              -1               24.182028
     68 C0000068               1                       0
     69 C0000069              -1               12.581971
     70 C0000070               1                       0
     71 C0000071              -1               19.178686
     72 C0000072               1                       0
     73 C0000073     -0.99999999                       0
     74 C0000074               1               39.560549
     75 C0000075              -1               16.344977
     76 C0000076               1                       0
     77 C0000077              -1               16.065897
     78 C0000078               1                       0
     79 C0000079              -1               10.647159
     80 C0000080               1                28.91339
     81 C0000081              -1                9.789168
     82 C0000082               1                       0
     83 C0000083              -1               17.068756
     84 C0000084               1                       0
     85 C0000085              -1               21.699377
     86 C0000086               1                       0
     87 C0000087     -0.92799311                       0
     88 C0000088               1               39.560549
     89 C0000089              -1                       0
     90 C0000090               1               24.882113
     91 C0000091              -1               6.3352009
     92 C0000092               1                       0
     93 C0000093              -1               11.051749
     94 C0000094               1                       0
     95 C0000095              -1               22.426207
     96 C0000096               1                       0
     97 C0000097               1              -2150.6531
     98 C0000098       -1.000002                       0
     99 C0000099        0.999998                       0
    100 C0000100              -1              -1252.8272
    101 C0000101        0.999998                       0
    102 C0000102              -1              -97.274334
    103 C0000103           1e-06              -3500.7546
    104 C0000104       2.6924994              -39.560549
    105 C0000105       5.9999748                       0
    106 C0000106       5.9999748              -1.5092031
    107 C0000107               1                       0
    108 C0000108               1                       0
    109 C0000109               2                       0
    110 C0000110               2                       0
    111 C0000111               3                       0
    112 C0000112               3                       0
    113 C0000113       20.110012                       0
    114 C0000114       20.110012                       0
    115 C0000115              12                       0
    116 C0000116              12                       0
    117 C0000117               2                       0
    118 C0000118               2                       0
    119 C0000119       11.873359                       0
    120 C0000120       11.873359                       0
    121 C0000121               1                       0
    122 C0000122               1                       0
    123 C0000123               1                       0
    124 C0000124               1                       0
    125 C0000125               2                       0
    126 C0000126               2                       0
    127 C0000127               1                       0
    128 C0000128               1                       0
    129 C0000129               8                       0
    130 C0000130               8                       0
    131 C0000131              14                       0
    132 C0000132              14                       0
    133 C0000133               1                       0
    134 C0000134               1                       0
    135 C0000135               1                       0
    136 C0000136               1                       0
    137 C0000137               2                       0
    138 C0000138               2                       0
    139 C0000139               6                       0
    140 C0000140               6                       0
    141 C0000141              13                       0
    142 C0000142              13                       0
    143 C0000143              13                       0
    144 C0000144              13                       0
    145 C0000145               2                       0
    146 C0000146               2                       0
    147 C0000147               1                       0
    148 C0000148               1                       0
    149 C0000149               1                       0
    150 C0000150               1                       0
    151 C0000151               3                       0
    152 C0000152               3                       0
    153 C0000153               1                       0
    154 C0000154               1                       0
    155 C0000155               1                       0
    156 C0000156               1                       0
    157 C0000157       20.243928                       0
    158 C0000158       20.243928                       0
    159 C0000159               4                       0
    160 C0000160               4                       0
    161 C0000161               4                       0
    162 C0000162               4                       0
    163 C0000163               1                       0
    164 C0000164               1                       0
    165 C0000165               2                       0
    166 C0000166               2                       0
    167 C0000167               4                       0
    168 C0000168               4                       0
    169 C0000169              10                       0
    170 C0000170              10                       0
    171 C0000171              19                       0
    172 C0000172              19                       0
    173 C0000173              20                       0
    174 C0000174              20                       0
    175 C0000175              16                       0
    176 C0000176              16                       0
    177 C0000177              18                       0
    178 C0000178              18                       0
    179 C0000179              20                       0
    180 C0000180              20                       0
    181 C0000181               1                       0
    182 C0000182               1                       0
    183 C0000183               2                       0
    184 C0000184               2                       0
    185 C0000185       21.999981                       0
    186 C0000186       21.999981            -0.075384381
    187 C0000187               1                       0
    188 C0000188               1                       0
    189 C0000189               1                       0
    190 C0000190               1                       0
    191 C0000191               1                       0
    192 C0000192               1                       0
    193 C0000193              12                       0
    194 C0000194              12                       0
    195 C0000195               5                       0
    196 C0000196               5                       0
    197 C0000197       29.772746                       0
    198 C0000198       29.772746                       0
      0 X0000000               0               24.205208
      1 X0000001               0                12.77883
      2 X0000002               0               35.908607
      3 X0000003               0               14.098036
      4 X0000004               0               22.218975
      5 X0000005               0               18.183482
      6 X0000006               1                       0
      7 X0000007               0               11.979336
      8 X0000008               0                24.35584
      9 X0000009               0               15.942305
     10 X0000010      0.31926206                       0
     11 X0000011      0.32966625                       0
     12 X0000012               0               25.206792
     13 X0000013               0               26.603031
     14 X0000014               0               18.536311
     15 X0000015               0                18.21194
     16 X0000016    8.645499e-07                       0
     17 X0000017               0               11.959669
     18 X0000018               0               7.6583225
     19 X0000019               0                22.49096
     20 X0000020               0               34.836236
     21 X0000021               0                22.50975
     22 X0000022       0.9999916                       0
     23 X0000023               0               6.3498412
     24 X0000024               0               19.675123
     25 X0000025               0               22.646634
     26 X0000026    0.0075751449                       0
     27 X0000027               0               30.746134
     28 X0000028               0               14.554154
     29 X0000029               0               34.244938
     30 X0000030               0               26.655908
     31 X0000031               0               31.644906
     32 X0000032               0               21.682154
     33 X0000033               0               15.378521
     34 X0000034               0               26.978577
     35 X0000035               0               20.381863
     36 X0000036   3.4265808e-09                       0
     37 X0000037               0               23.215572
     38 X0000038               0               23.494652
     39 X0000039               0                       0
     40 X0000040               0               29.771381
     41 X0000041               0               22.491793
     42 X0000042               0               17.861172
     43 X0000043     0.036003447                       0
     44 X0000044               0               14.678436
     45 X0000045               0               33.225348
     46 X0000046               0               28.508799
     47 X0000047               0               17.134342
     48 X0000048              19                       0
     49 X0000049               5                       0
     50 X0000050              13                       0
     51 X0000051              13                       0
     52 X0000052               1                       0
     53 X0000053               2                       0
     54 X0000054              10              -3.1673753
     55 X0000055              18                       0
     56 X0000056               2                       0
     57 X0000057               2                       0
     58 X0000058       11.873359                       0
     59 X0000059       20.110012                       0
     60 X0000060               1                       0
     61 X0000061               1                       0
     62 X0000062              12                       0
     63 X0000063              16                       0
     64 X0000064       21.999981                       0
     65 X0000065               1                       0
     66 X0000066               3                       0
     67 X0000067               2                       0
     68 X0000068              20                       0
     69 X0000069              12                       0
     70 X0000070       5.9999748                       0
     71 X0000071               3                       0
     72 X0000072               6                       0
     73 X0000073               1                       0
     74 X0000074       29.772746                       0
     75 X0000075               1                       0
     76 X0000076               8                       0
     77 X0000077               2                       0
     78 X0000078               1                       0
     79 X0000079               1                       0
     80 X0000080               1                       0
     81 X0000081               4                       0
     82 X0000082               1                       0
     83 X0000083               2                       0
     84 X0000084              22                       0
     85 X0000085               4                       0
     86 X0000086               2                       0
     87 X0000087              20                       0
     88 X0000088               1                       0
     89 X0000089               1                       0
     90 X0000090               1                       0
     91 X0000091       20.243928                       0
     92 X0000092              14                       0
     93 X0000093               1                       0
     94 X0000094               1                       0
     95 X0000095               4                       0
     96 X0000096           1e-06                       0
