Optimal - objective value 0.99999999
      0 C0000000             365              0.95013186
      1 C0000001              -1              0.57697545
      2 C0000002               1                       0
      3 C0000003              -1                       0
      4 C0000004               1              0.32882222
      5 C0000005     -0.99999875                       0
      6 C0000006               1              0.79822309
      7 C0000007              -1              0.33543552
      8 C0000008               1              0.46278757
      9 C0000009              -1              0.61378369
     10 C0000010               1                       0
     11 C0000011              -1              0.74153099
     12 C0000012               1             0.056692101
     13 C0000013     -0.60047887                       0
     14 C0000014               1              0.79822309
     15 C0000015              -1               0.4232442
     16 C0000016               1                       0
     17 C0000017              -1             0.065215608
     18 C0000018               1                       0
     19 C0000019              -1               0.4013251
     20 C0000020               1              0.39689799
     21 C0000021              -1              0.50354466
     22 C0000022               1                       0
     23 C0000023              -1              0.69219358
     24 C0000024               1                       0
     25 C0000025              -1              0.43225036
     26 C0000026               1              0.36597273
     27 C0000027              -1              0.79822309
     28 C0000028       2.2009055                       0
     29 C0000029              -1              0.74032374
     30 C0000030               1             0.057899344
     31 C0000031              -1              0.28904186
     32 C0000032               1                       0
     33 C0000033              -1              0.79822309
     34 C0000034       1.2763646                       0
     35 C0000035              -1              0.11583865
     36 C0000036               1                       0
     37 C0000037              -1              0.79822309
     38 C0000038       2.9334163                       0
     39 C0000039  -6.8612883e-06                       0
     40 C0000040               1              0.79822309
     41 C0000041              -1               0.3830795
     42 C0000042               1                       0
     43 C0000043              -1              0.15764757
     44 C0000044               1                       0
     45 C0000045              -1                       0
     46 C0000046               1             0.089009895
     47 C0000047              -1              0.39528526
     48 C0000048               1                       0
     49 C0000049              -1              0.52388817
     50 C0000050               1                       0
     51 C0000051              -1               0.5772226
     52 C0000052               1                       0
     53 C0000053              -1              0.55529508
     54 C0000054               1                       0
     55 C0000055              -1               0.3674131
     56 C0000056               1                       0
     57 C0000057              -1                       0
     58 C0000058               1              0.20446872
     59 C0000059              -1              0.21713469
     60 C0000060               1                       0
     61 C0000061              -1             0.060790861
     62 C0000062               1              0.73743223
     63 C0000063              -1               0.5396847
     64 C0000064               1              0.25853839
     65 C0000065              -1               0.5688178
     66 C0000066               1                       0
     67 C0000067              -1              0.14483416
     68 C0000068               1                       0
     69 C0000069              -1              0.49357604
     70 C0000070               1                       0
     71 C0000071              -1              0.19258833
     72 C0000072               1                       0
     73 C0000073              -1              0.32185502
     74 C0000074               1                       0
     75 C0000075              -1              0.21235238
     76 C0000076               1                       0
     77 C0000077              -1              0.46566652
     78 C0000078               1                       0
     79 C0000079              -1             0.053944973
     80 C0000080               1              0.74427812
     81 C0000081              -1              0.37052149
     82 C0000082               1                       0
     83 C0000083               0                       0
     84 C0000084               1              0.79822309
     85 C0000085              -1              0.19893627
     86 C0000086               1                       0
     87 C0000087     -0.99999998                       0
     88 C0000088               1              0.79822309
     89 C0000089              -1              0.19592994
     90 C0000090               1                       0
     91 C0000091              -1              0.18775159
     92 C0000092               1                       0
     93 C0000093              -1              0.50744805
     94 C0000094               1                       0
     95 C0000095              -1              0.25180441
     96 C0000096               1                       0
     97 C0000097               1              -344.08085
     98 C0000098       -1.000002                       0
     99 C0000099        0.999998                       0
    100 C0000100              -1              -21.096871
    101 C0000101               1              -11.032231
    102 C0000102       -1.000002                       0
    103 C0000103           1e-06              -376.20995
    104 C0000104       2.9051009             -0.79822309
    105 C0000105       11.999992                       0
    106 C0000106       11.999992            -0.097409618
    107 C0000107               1                       0
    108 C0000108               1                       0
    109 C0000109               4                       0
    110 C0000110               4                       0
    111 C0000111               4                       0
    112 C0000112               4                       0
    113 C0000113        35.20996                       0
    114 C0000114        35.20996                       0
    115 C0000115              16                       0
    116 C0000116              16                       0
    117 C0000117              19                       0
    118 C0000118              19                       0
    119 C0000119               4                       0
    120 C0000120               4                       0
    121 C0000121               1                       0
    122 C0000122               1                       0
    123 C0000123               1                       0
    124 C0000124               1                       0
    125 C0000125               4                       0
    126 C0000126               4                       0
    127 C0000127               1                       0
    128 C0000128               1                       0
    129 C0000129               2                       0
    130 C0000130               2                       0
    131 C0000131       4.5527292                       0
    132 C0000132       4.5527292           -0.0088562007
    133 C0000133       15.733665                       0
    134 C0000134       15.733665                       0
    135 C0000135               4                       0
    136 C0000136               4                       0
    137 C0000137               3                       0
    138 C0000138               3                       0
    139 C0000139               1                       0
    140 C0000140               1                       0
    141 C0000141               3                       0
    142 C0000142               3                       0
    143 C0000143              20                       0
    144 C0000144              20                       0
    145 C0000145               8                       0
    146 C0000146               8                       0
      0 X0000000               0              0.22124764
      1 X0000001               0              0.46940087
      2 X0000002   6.2637171e-07                       0
      3 X0000003               0                       0
      4 X0000004               0               0.1844394
      5 X0000005               0                       0
      6 X0000006      0.19976057                       0
      7 X0000007               0              0.37497889
      8 X0000008               0              0.73300748
      9 X0000009               0                       0
     10 X0000010               0              0.29467843
     11 X0000011               0              0.10602951
     12 X0000012               0                       0
     13 X0000013      0.60045273                       0
     14 X0000014               0                       0
     15 X0000015               0              0.50918122
     16 X0000016      0.13818229                       0
     17 X0000017               0              0.68238444
     18 X0000018      0.96670813                       0
     19 X0000019      0.49999657                       0
     20 X0000020               0              0.41514359
     21 X0000021               0              0.64057552
     22 X0000022               0              0.70921319
     23 X0000023               0              0.40293783
     24 X0000024               0              0.27433492
     25 X0000025               0              0.22100049
     26 X0000026               0              0.24292801
     27 X0000027               0              0.43080999
     28 X0000028               0              0.59375436
     29 X0000029               0               0.5810884
     30 X0000030               0                       0
     31 X0000031               0                       0
     32 X0000032               0              0.22940529
     33 X0000033               0              0.65338893
     34 X0000034               0              0.30464705
     35 X0000035               0              0.60563476
     36 X0000036               0              0.47636806
     37 X0000037               0              0.58587071
     38 X0000038               0              0.33255657
     39 X0000039               0                       0
     40 X0000040               0               0.4277016
     41 X0000041             0.5                       0
     42 X0000042               0              0.59928681
     43 X0000043   8.8562177e-09                       0
     44 X0000044               0              0.60229315
     45 X0000045               0               0.6104715
     46 X0000046               0              0.29077504
     47 X0000047               0              0.54641868
     48 X0000048               3                       0
     49 X0000049              10                       0
     50 X0000050       11.999992                       0
     51 X0000051              20                       0
     52 X0000052               3                       0
     53 X0000053               4                       0
     54 X0000054       12.003592                       0
     55 X0000055               2                       0
     56 X0000056               2                       0
     57 X0000057              20                       0
     58 X0000058               1                       0
     59 X0000059               5                       0
     60 X0000060              18                       0
     61 X0000061        35.20996                       0
     62 X0000062               4                       0
     63 X0000063               1                       0
     64 X0000064       4.5527292                       0
     65 X0000065              12                       0
     66 X0000066       15.733665                       0
     67 X0000067       9.0000618                       0
     68 X0000068               1                       0
     69 X0000069               2                       0
     70 X0000070               8                       0
     71 X0000071               3                       0
     72 X0000072               3                       0
     73 X0000073               4                       0
     74 X0000074               2                       0
     75 X0000075               5                       0
     76 X0000076              12                       0
     77 X0000077               1                       0
     78 X0000078              16                       0
     79 X0000079               5                       0
     80 X0000080               4                       0
     81 X0000081              16                       0
     82 X0000082              10                       0
     83 X0000083               1                       0
     84 X0000084               1                       0
     85 X0000085               1                       0
     86 X0000086              19                       0
     87 X0000087              22                       0
     88 X0000088               4                       0
     89 X0000089             9.5             0.033845855
     90 X0000090               1                       0
     91 X0000091      0.99999999                       0
     92 X0000092              13                       0
     93 X0000093               1                       0
     94 X0000094               4                       0
     95 X0000095               2                       0
     96 X0000096           1e-06                       0
