Optimal - objective value 9.99999981
      0 C0000000             365               20.241374
      1 C0000001              -1               12.291742
      2 C0000002               1                       0
      3 C0000003     -0.99999996                       0
      4 C0000004               1               17.005147
      5 C0000005     -0.99999875                       0
      6 C0000006               1               17.005147
      7 C0000007              -1                       0
      8 C0000008               1               2.7130765
      9 C0000009              -1               13.075896
     10 C0000010               1                       0
     11 C0000011              -1               14.589638
     12 C0000012               1                       0
     13 C0000013     -0.60047893                       0
     14 C0000014               1               17.005147
     15 C0000015              -1               9.0166897
     16 C0000016               1                       0
     17 C0000017              -1               1.3893372
     18 C0000018               1                       0
     19 C0000019              -1             0.094314094
     20 C0000020               1                       0
     21 C0000021              -1               10.727391
     22 C0000022               1                       0
     23 C0000023              -1               14.746321
     24 C0000024               1                       0
     25 C0000025              -1               9.2085548
     26 C0000026               1               7.7965925
     27 C0000027              -1               17.005147
     28 C0000028       2.2009055                       0
     29 C0000029              -1               14.538201
     30 C0000030               1                       0
     31 C0000031              -1               6.1576764
     32 C0000032               1                       0
     33 C0000033              -1               17.005147
     34 C0000034       1.2763646                       0
     35 C0000035              -1               2.4677979
     36 C0000036               1                       0
     37 C0000037              -1               17.005147
     38 C0000038       2.9334163                       0
     39 C0000039  -6.8203513e-06                       0
     40 C0000040               1               17.005147
     41 C0000041              -1               8.1610309
     42 C0000042               1                       0
     43 C0000043              -1               3.3584848
     44 C0000044               1                       0
     45 C0000045              -1                       0
     46 C0000046               1               1.8962448
     47 C0000047              -1               8.4210594
     48 C0000048               1                       0
     49 C0000049              -1               11.160784
     50 C0000050               1                       0
     51 C0000051              -1               12.297008
     52 C0000052               1                       0
     53 C0000053              -1               11.829869
     54 C0000054               1                       0
     55 C0000055              -1               7.8272778
     56 C0000056               1                       0
     57 C0000057              -1                       0
     58 C0000058               1               4.3559511
     59 C0000059              -1               4.6257837
     60 C0000060               1                       0
     61 C0000061              -1               1.2950735
     62 C0000062               1               15.710074
     63 C0000063              -1               11.497309
     64 C0000064               1               5.5078379
     65 C0000065              -1               12.117954
     66 C0000066               1                       0
     67 C0000067              -1               3.0855111
     68 C0000068               1                       0
     69 C0000069              -1               10.515022
     70 C0000070               1                       0
     71 C0000071              -1               4.1028542
     72 C0000072               1                       0
     73 C0000073              -1               6.8567198
     74 C0000074               1                       0
     75 C0000075              -1               4.5239025
     76 C0000076               1                       0
     77 C0000077              -1               13.462796
     78 C0000078               1               3.5423514
     79 C0000079              -1               1.1492304
     80 C0000080               1               15.855917
     81 C0000081              -1               7.8934981
     82 C0000082               1                       0
     83 C0000083               0                       0
     84 C0000084               1               17.005147
     85 C0000085              -1               4.2380892
     86 C0000086               1                       0
     87 C0000087              -1               4.2986054
     88 C0000088               1                       0
     89 C0000089              -1               4.1740429
     90 C0000090               1                       0
     91 C0000091              -1               3.9998135
     92 C0000092               1                       0
     93 C0000093              -1               10.810548
     94 C0000094               1                       0
     95 C0000095              -1               5.3643789
     96 C0000096               1                       0
     97 C0000097               1              -7330.2133
     98 C0000098       -1.000002                       0
     99 C0000099        0.999998                       0
    100 C0000100              -1              -449.44251
    101 C0000101               1              -235.02791
    102 C0000102       -1.000002                       0
    103 C0000103           1e-06              -8014.6837
    104 C0000104       2.9051009              -17.005147
    105 C0000105       11.999992                       0
    106 C0000106       11.999992              -2.0751904
    107 C0000107               1                       0
    108 C0000108               1                       0
    109 C0000109               4                       0
    110 C0000110               4                       0
    111 C0000111               4                       0
    112 C0000112               4                       0
    113 C0000113        35.20996                       0
    114 C0000114        35.20996                       0
    115 C0000115              16                       0
    116 C0000116              16                       0
    117 C0000117              19                       0
    118 C0000118              19                       0
    119 C0000119               4                       0
    120 C0000120               4                       0
    121 C0000121               1                       0
    122 C0000122               1                       0
    123 C0000123               1                       0
    124 C0000124               1                       0
    125 C0000125               4                       0
    126 C0000126               4                       0
    127 C0000127               1                       0
    128 C0000128               1                       0
    129 C0000129               2                       0
    130 C0000130               2                       0
    131 C0000131       4.5527292                       0
    132 C0000132       4.5527292             -0.18867031
    133 C0000133       15.733665                       0
    134 C0000134       15.733665                       0
    135 C0000135               4                       0
    136 C0000136               4                       0
    137 C0000137               3                       0
    138 C0000138               3                       0
    139 C0000139               1                       0
    140 C0000140               1                       0
    141 C0000141               3                       0
    142 C0000142               3                       0
    143 C0000143              20                       0
    144 C0000144              20                       0
    145 C0000145               8                       0
    146 C0000146               8                       0
    147 C0000147               1                       0
    148 C0000148               1                       0
    149 C0000149               2                       0
    150 C0000150               2                       0
    151 C0000151              13                       0
    152 C0000152              13                       0
      0 X0000000               0               4.7134051
      1 X0000001   1.8867253e-08                       0
      2 X0000002   6.2637171e-07                       0
      3 X0000003               0               14.292071
      4 X0000004               0               3.9292514
      5 X0000005               0                2.415509
      6 X0000006      0.19976054                       0
      7 X0000007               0               7.9884575
      8 X0000008               0                15.61581
      9 X0000009               0               16.910833
     10 X0000010               0               6.2777563
     11 X0000011               0               2.2588264
     12 X0000012               0                       0
     13 X0000013      0.60045273                       0
     14 X0000014               0               2.4669466
     15 X0000015               0               10.847471
     16 X0000016      0.13818229                       0
     17 X0000017               0               14.537349
     18 X0000018      0.96670813                       0
     19 X0000019      0.49999659                       0
     20 X0000020               0               8.8441164
     21 X0000021               0               13.646662
     22 X0000022               0               15.108902
     23 X0000023               0               8.5840879
     24 X0000024               0               5.8443632
     25 X0000025               0               4.7081397
     26 X0000026               0               5.1752781
     27 X0000027               0               9.1778694
     28 X0000028               0               12.649196
     29 X0000029               0               12.379364
     30 X0000030               0                       0
     31 X0000031               0                       0
     32 X0000032               0               4.8871935
     33 X0000033               0               13.919636
     34 X0000034               0               6.4901255
     35 X0000035               0               12.902293
     36 X0000036               0               10.148427
     37 X0000037               0               12.481245
     38 X0000038               0                       0
     39 X0000039               0                       0
     40 X0000040               0               9.1116492
     41 X0000041             0.5                       0
     42 X0000042               0               12.767058
     43 X0000043               0               12.706542
     44 X0000044               0               12.831104
     45 X0000045               0               13.005334
     46 X0000046               0               6.1945996
     47 X0000047               0               11.640768
     48 X0000048               3                       0
     49 X0000049       9.9999998                       0
     50 X0000050       11.999992                       0
     51 X0000051              20                       0
     52 X0000052               3                       0
     53 X0000053               4                       0
     54 X0000054       12.003592                       0
     55 X0000055               2                       0
     56 X0000056               2                       0
     57 X0000057              20                       0
     58 X0000058               1                       0
     59 X0000059               5                       0
     60 X0000060              18                       0
     61 X0000061        35.20996                       0
     62 X0000062               4                       0
     63 X0000063               1                       0
     64 X0000064       4.5527292                       0
     65 X0000065              12                       0
     66 X0000066       15.733665                       0
     67 X0000067       9.0000614                       0
     68 X0000068               1                       0
     69 X0000069               2                       0
     70 X0000070               8                       0
     71 X0000071               3                       0
     72 X0000072               3                       0
     73 X0000073               4                       0
     74 X0000074               2                       0
     75 X0000075               5                       0
     76 X0000076              12                       0
     77 X0000077               1                       0
     78 X0000078              16                       0
     79 X0000079               5                       0
     80 X0000080               4                       0
     81 X0000081              16                       0
     82 X0000082              10                       0
     83 X0000083               1                       0
     84 X0000084               1                       0
     85 X0000085               1                       0
     86 X0000086              19                       0
     87 X0000087              22                       0
     88 X0000088               4                       0
     89 X0000089             9.5              0.72104372
     90 X0000090               1                       0
     91 X0000091               1                       0
     92 X0000092              13                       0
     93 X0000093               1                       0
     94 X0000094               4                       0
     95 X0000095               2                       0
     96 X0000096           1e-06                       0
