Optimal - objective value 4.47191210
      0 C0000000             365               6.2408718
      1 C0000001     -0.69718659                       0
      2 C0000002               1                       1
      3 C0000003              -1               0.9032857
      4 C0000004               1                       0
      5 C0000005              -1                       1
      6 C0000006        1.613592                       0
      7 C0000007              -1                       1
      8 C0000008               3                       0
      9 C0000009               0                       0
     10 C0000010               1                       1
     11 C0000011       -0.002433                       0
     12 C0000012               1                       1
     13 C0000013  -5.0164537e-14                       0
     14 C0000014               1                       1
     15 C0000015              -1                       1
     16 C0000016               3                       0
     17 C0000017              -1             0.093080845
     18 C0000018               1              0.90691915
     19 C0000019               0                       0
     20 C0000020               1                       1
     21 C0000021              -1               0.2281998
     22 C0000022               1                       0
     23 C0000023              -1                       1
     24 C0000024       1.0298518                       0
     25 C0000025               1              -2293.9464
     26 C0000026       -1.001098                       0
     27 C0000027      0.99890196                       0
     28 C0000028              -1              -11.233865
     29 C0000029      0.99890196                       0
     30 C0000030              -1               -12.36831
     31 C0000031   0.00054902028              -2317.5486
      0 X0000000      0.15140671                       0
      1 X0000001               0             0.096714301
      2 X0000002        0.306796                       0
      3 X0000003               1                       0
      4 X0000004             0.5                       0
      5 X0000005       0.4987835                       0
      6 X0000006             0.5                       0
      7 X0000007               1                       0
      8 X0000008               0                       0
      9 X0000009             0.5                       0
     10 X0000010               0               0.7718002
     11 X0000011     0.014925893                       0
     12 X0000012       46.672631                       0
     13 X0000013              65                       0
     14 X0000014       10.454368                       0
     15 X0000015              20             -0.30000677
     16 X0000016             5.5              0.13433917
     17 X0000017        3.007299                       0
     18 X0000018            10.5              0.23461651
     19 X0000019              36           -0.0076988406
     20 X0000020              81                       0
     21 X0000021               4              0.14071977
     22 X0000022              24                       0
     23 X0000023       58.865702                       0
     24 X0000024   0.00054902028                       0
