Optimal - objective value 10.08047620
      0 C0000000             365               53.528877
      1 C0000001              -1               92.568297
      2 C0000002               1                       0
      3 C0000003     -0.89726535                       0
      4 C0000004               1               99.749255
      5 C0000005  -7.9966054e-14                       0
      6 C0000006               1               99.749255
      7 C0000007              -1               54.416815
      8 C0000008               1                       0
      9 C0000009              -1                85.63423
     10 C0000010               1                       0
     11 C0000011              -1                34.32057
     12 C0000012               1                       0
     13 C0000013              -1               71.965414
     14 C0000014               1                       0
     15 C0000015              -1                60.21403
     16 C0000016               1                       0
     17 C0000017              -1               99.749255
     18 C0000018               3                       0
     19 C0000019              -1                35.29532
     20 C0000020               1                       0
     21 C0000021              -1                       0
     22 C0000022               1               52.841586
     23 C0000023     -0.99999994                       0
     24 C0000024               1               99.749255
     25 C0000025              -1               89.322008
     26 C0000026               1                       0
     27 C0000027              -1               94.184012
     28 C0000028               1                       0
     29 C0000029              -1                       0
     30 C0000030               1               4.8669653
     31 C0000031     -0.79027602                       0
     32 C0000032               1               99.749255
     33 C0000033              -1               99.749255
     34 C0000034       2.3601587                       0
     35 C0000035              -1               92.964791
     36 C0000036               1                       0
     37 C0000037              -1                       0
     38 C0000038               1               58.106391
     39 C0000039              -1               44.987387
     40 C0000040               1                       0
     41 C0000041              -1               66.664786
     42 C0000042               1                       0
     43 C0000043              -1               99.749255
     44 C0000044        1.110739                       0
     45 C0000045              -1               99.749255
     46 C0000046        1.000045                       0
     47 C0000047              -1                82.26726
     48 C0000048               1                       0
     49 C0000049               1              -21179.931
     50 C0000050       -1.000002                       0
     51 C0000051        0.999998                       0
     52 C0000052              -1                -2139.32
     53 C0000053        0.999998                       0
     54 C0000054              -1              -775.43988
     55 C0000055           1e-06              -24094.691
     56 C0000056       2.3917007              -99.749255
     57 C0000057       1.9999999                       0
     58 C0000058       1.9999999              -96.473419
      0 X0000000               0               7.1809573
      1 X0000001     0.051367326                       0
      2 X0000002             0.5                       0
      3 X0000003               0                45.33244
      4 X0000004               0               14.115024
      5 X0000005               0               65.428685
      6 X0000006               0                27.78384
      7 X0000007               0               39.535225
      8 X0000008               1                       0
      9 X0000009               0               64.453935
     10 X0000010               0               46.907669
     11 X0000011      2.9927e-08                       0
     12 X0000012               0               10.427247
     13 X0000013               0               5.5652432
     14 X0000014               0               94.882289
     15 X0000015      0.10486199                       0
     16 X0000016      0.68007937                       0
     17 X0000017               0               6.7844634
     18 X0000018               0               41.642864
     19 X0000019               0               54.761868
     20 X0000020               0               33.084469
     21 X0000021     0.055369508                       0
     22 X0000022   2.2490396e-05                       0
     23 X0000023               0               17.481995
     24 X0000024              20                       0
     25 X0000025       25.613082                       0
     26 X0000026              18               1.4478781
     27 X0000027               2                       0
     28 X0000028               4                       0
     29 X0000029               3                       0
     30 X0000030               4                       0
     31 X0000031               4                       0
     32 X0000032              36              -1.8977476
     33 X0000033              28                       0
     34 X0000034              43                       0
     35 X0000035       1.9999999                       0
     36 X0000036               6                       0
     37 X0000037              15                       0
     38 X0000038              18                       0
     39 X0000039       36.700658                       0
     40 X0000040       10.080476                       0
     41 X0000041               6                       0
     42 X0000042              27                       0
     43 X0000043               8                       0
     44 X0000044               3                       0
     45 X0000045       30.605716                       0
     46 X0000046       3.0000675                       0
     47 X0000047              12                       0
     48 X0000048           1e-06                       0
