Optimal - objective value 3.00000000
      0 C0000000             365             -0.96225309
      1 C0000001              -1              0.22931408
      2 C0000002               1                       0
      3 C0000003              -1                       0
      4 C0000004               1               1.2106347
      5 C0000005              -1              0.48524842
      6 C0000006               1                       0
      7 C0000007              -1               2.0293978
      8 C0000008       1.1102115                       0
      9 C0000009              -1                1.944785
     10 C0000010               1                       0
     11 C0000011              -1               1.8681646
     12 C0000012               1                       0
     13 C0000013              -1              0.62700288
     14 C0000014               1                       0
     15 C0000015              -1              0.17894272
     16 C0000016               1                       0
     17 C0000017              -1              0.61958916
     18 C0000018               1                       0
     19 C0000019              -1                       0
     20 C0000020               1               2.0293978
     21 C0000021              -1                       0
     22 C0000022               1              0.61723519
     23 C0000023              -1              0.24472708
     24 C0000024               1                       0
     25 C0000025              -1                1.072113
     26 C0000026               1                       0
     27 C0000027              -1               1.0601822
     28 C0000028               1                       0
     29 C0000029              -1               2.0293978
     30 C0000030       2.1722007                       0
     31 C0000031              -1               2.0293978
     32 C0000032       1.5086614                       0
     33 C0000033     -0.99995346                       0
     34 C0000034               1               2.0293978
     35 C0000035              -1              0.72483133
     36 C0000036               1                       0
     37 C0000037              -1                       0
     38 C0000038               1              0.66421982
     39 C0000039              -1               1.2168342
     40 C0000040               1                       0
     41 C0000041              -1              0.77560506
     42 C0000042               1                       0
     43 C0000043              -1              0.53672277
     44 C0000044               1                       0
     45 C0000045              -1              0.83999781
     46 C0000046               1                       0
     47 C0000047              -1              0.14440048
     48 C0000048               1                       0
     49 C0000049              -1                       0
     50 C0000050               1              0.78592691
     51 C0000051              -1               0.7305395
     52 C0000052               1                       0
     53 C0000053              -1              0.56476218
     54 C0000054               1                       0
     55 C0000055              -1              0.67114578
     56 C0000056               1                       0
     57 C0000057              -1               1.0577183
     58 C0000058               1                       0
     59 C0000059              -1              0.91298713
     60 C0000060               1                       0
     61 C0000061              -1               1.4220929
     62 C0000062               1                       0
     63 C0000063              -1                       0
     64 C0000064               1              0.44699483
     65 C0000065              -1              0.91829178
     66 C0000066               1                       0
     67 C0000067              -1                       0
     68 C0000068               1              0.72205559
     69 C0000069              -1              0.93180626
     70 C0000070               1                       0
     71 C0000071              -1                0.977719
     72 C0000072               1                       0
     73 C0000073              -1               1.1256387
     74 C0000074               1                       0
     75 C0000075              -1               0.6986062
     76 C0000076               1                       0
     77 C0000077              -1              0.77262978
     78 C0000078               1                1.256768
     79 C0000079              -1               1.5876169
     80 C0000080               1                       0
     81 C0000081    -0.087542971                       0
     82 C0000082               1               2.0293978
     83 C0000083              -1                       0
     84 C0000084               1              0.63343766
     85 C0000085              -1               0.7923451
     86 C0000086               1               1.2370527
     87 C0000087              -1              0.63746703
     88 C0000088               1                       0
     89 C0000089              -1                       0
     90 C0000090               1              0.59704297
     91 C0000091              -1              0.43991628
     92 C0000092               1                       0
     93 C0000093              -1              0.26232615
     94 C0000094               1                       0
     95 C0000095              -1               1.1527095
     96 C0000096               1                       0
     97 C0000097        0.999998                       0
     98 C0000098              -1               -302.1031
     99 C0000099        0.999998                       0
    100 C0000100              -1              -50.398649
    101 C0000101        0.999998                       0
    102 C0000102              -1              -24.604743
    103 C0000103           1e-06              -377.10649
    104 C0000104       1.3517885              -2.0293978
    105 C0000105       17.999581                       0
    106 C0000106       17.999581           -0.0048339466
    107 C0000107               1                       0
    108 C0000108               1                       0
    109 C0000109               8                       0
    110 C0000110               8                       0
      0 X0000000               0               1.8000838
      1 X0000001               0              0.81876312
      2 X0000002               0               1.5441494
      3 X0000003     0.055105746                       0
      4 X0000004               0             0.084612814
      5 X0000005               0              0.16123324
      6 X0000006               0                1.402395
      7 X0000007               0               1.8504551
      8 X0000008               0               1.4098087
      9 X0000009    1.611295e-09                       0
     10 X0000010               0               1.4121626
     11 X0000011               0               1.7846708
     12 X0000012               0              0.95728479
     13 X0000013               0              0.96921566
     14 X0000014      0.58610034                       0
     15 X0000015      0.25433068                       0
     16 X0000016   2.3267901e-05                       0
     17 X0000017               0               1.3045665
     18 X0000018               0                1.365178
     19 X0000019               0              0.81256362
     20 X0000020               0               1.2537928
     21 X0000021               0               1.4926751
     22 X0000022               0                  1.1894
     23 X0000023               0               1.8849974
     24 X0000024               0               1.2434709
     25 X0000025               0               1.2988583
     26 X0000026               0               1.4646356
     27 X0000027               0               1.3582521
     28 X0000028               0              0.97167951
     29 X0000029               0               1.1164107
     30 X0000030               0              0.60730494
     31 X0000031               0                1.582403
     32 X0000032               0               1.1111061
     33 X0000033               0               1.3073422
     34 X0000034               0               1.0975916
     35 X0000035               0               1.0516788
     36 X0000036               0              0.90375909
     37 X0000037               0               1.3307916
     38 X0000038               0                       0
     39 X0000039               0              0.44178098
     40 X0000040      0.45622851                       0
     41 X0000041               0               1.3959602
     42 X0000042               0                       0
     43 X0000043               0               1.3919308
     44 X0000044               0               1.4323549
     45 X0000045               0               1.5894815
     46 X0000046               0               1.7670717
     47 X0000047               0              0.87668829
     48 X0000048               6                       0
     49 X0000049              19                       0
     50 X0000050               7                       0
     51 X0000051        4.220423                       0
     52 X0000052               4                       0
     53 X0000053               3                       0
     54 X0000054               1                       0
     55 X0000055               3                       0
     56 X0000056               2                       0
     57 X0000057               3                       0
     58 X0000058              15                       0
     59 X0000059               4                       0
     60 X0000060               1                       0
     61 X0000061               8                       0
     62 X0000062       6.3444014                       0
     63 X0000063       30.103936                       0
     64 X0000064       17.999581                       0
     65 X0000065               5                       0
     66 X0000066              16                       0
     67 X0000067               9                       0
     68 X0000068               2                       0
     69 X0000069               1                       0
     70 X0000070               2                       0
     71 X0000071               6                       0
     72 X0000072              23                       0
     73 X0000073               1                       0
     74 X0000074              10                       0
     75 X0000075               1                       0
     76 X0000076              14                       0
     77 X0000077               4                       0
     78 X0000078               3                       0
     79 X0000079              13                       0
     80 X0000080               1                       0
     81 X0000081              23                       0
     82 X0000082               4                       0
     83 X0000083               4                       0
     84 X0000084               6                       0
     85 X0000085               1                       0
     86 X0000086              20                       0
     87 X0000087               4                       0
     88 X0000088       10.331658                       0
     89 X0000089               9                       0
     90 X0000090               8                       0
     91 X0000091               2                       0
     92 X0000092              19                       0
     93 X0000093               3                       0
     94 X0000094               1                       0
     95 X0000095               5                       0
     96 X0000096           1e-06                       0
