Optimal - objective value 39.79836909
      0 C0000000             365              -149.31881
      1 C0000001              -1               9.0758021
      2 C0000002               1                       0
      3 C0000003              -1                       0
      4 C0000004               1               35.010371
      5 C0000005     -0.98991845                       0
      6 C0000006               1               54.154158
      7 C0000007              -1               16.767092
      8 C0000008               1                       0
      9 C0000009              -1               54.154158
     10 C0000010       1.0000003                       0
     11 C0000011               0                       0
     12 C0000012               1               54.154158
     13 C0000013              -1               54.154158
     14 C0000014       1.9970792                       0
     15 C0000015              -1               18.897387
     16 C0000016               1                       0
     17 C0000017              -1               54.154158
     18 C0000018               3                       0
     19 C0000019              -1               54.154158
     20 C0000020       2.4169247                       0
     21 C0000021      -0.9999988                       0
     22 C0000022               1               54.154158
     23 C0000023              -1               54.154158
     24 C0000024               3                       0
     25 C0000025              -1                       0
     26 C0000026               1               34.678872
     27 C0000027               0                       0
     28 C0000028               1               54.154158
     29 C0000029              -1               15.415164
     30 C0000030               1                       0
     31 C0000031              -1               27.536434
     32 C0000032               1                       0
     33 C0000033              -1                       0
     34 C0000034               1               15.934853
     35 C0000035     -0.70527581                       0
     36 C0000036               1               54.154158
     37 C0000037               0                       0
     38 C0000038               1               54.154158
     39 C0000039              -1               12.194737
     40 C0000040               1               41.959421
     41 C0000041              -1               54.154158
     42 C0000042               3                       0
     43 C0000043              -1               4.2911737
     44 C0000044               1                       0
     45 C0000045              -1               29.624906
     46 C0000046               1                       0
     47 C0000047              -1               3.7755855
     48 C0000048               1                       0
     49 C0000049        0.999998                       0
     50 C0000050              -1              -53343.916
     51 C0000051        0.999998                       0
     52 C0000052              -1               -814.2282
     53 C0000053        0.999998                       0
     54 C0000054              -1              -865.98052
     55 C0000055           1e-06              -55024.125
     56 C0000056       5.8594056              -54.154158
     57 C0000057        4.999997                       0
     58 C0000058        4.999997              -12.021226
     59 C0000059               5                       0
     60 C0000060               5                       0
     61 C0000061            14.5                       0
     62 C0000062            14.5                       0
      0 X0000000               0               45.078356
      1 X0000001               0               19.143788
      2 X0000002    0.0050407727                       0
      3 X0000003               0               37.387067
      4 X0000004   1.7450991e-07                       0
      5 X0000005             0.5                       0
      6 X0000006       0.4985396                       0
      7 X0000007               0               35.256771
      8 X0000008               1                       0
      9 X0000009      0.70846233                       0
     10 X0000010    5.997216e-07                       0
     11 X0000011               1                       0
     12 X0000012               0               19.475286
     13 X0000013             0.5                       0
     14 X0000014               0               38.738994
     15 X0000015               0               26.617724
     16 X0000016               0               38.219305
     17 X0000017       0.1473621                       0
     18 X0000018             0.5                       0
     19 X0000019               0                       0
     20 X0000020               1                       0
     21 X0000021               0               49.862985
     22 X0000022               0               24.529253
     23 X0000023               0               50.378573
     24 X0000024              12                       0
     25 X0000025              10                       0
     26 X0000026       39.798369                       0
     27 X0000027               1                       0
     28 X0000028       45.000008                       0
     29 X0000029             5.5               2.5940824
     30 X0000030        7.492698                       0
     31 X0000031              33                       0
     32 X0000032              50              -3.9496049
     33 X0000033       10.250774                       0
     34 X0000034        4.999997                       0
     35 X0000035              12              -4.7972243
     36 X0000036              12                       0
     37 X0000037            14.5               7.0323014
     38 X0000038               3                       0
     39 X0000039               5                       0
     40 X0000040               5                       0
     41 X0000041       34.958154                       0
     42 X0000042            14.5               4.3638748
     43 X0000043               8                       0
     44 X0000044               6              -3.3263748
     45 X0000045               1                       0
     46 X0000046              14                       0
     47 X0000047              16                       0
     48 X0000048           1e-06                       0
