Optimal - objective value 15.99999972
      0 C0000000             365              -41.241353
      1 C0000001              -1                2.506706
      2 C0000002               1                       0
      3 C0000003              -1                       0
      4 C0000004               1               9.6697464
      5 C0000005      -0.9899185                       0
      6 C0000006               1               14.957196
      7 C0000007              -1               4.6310143
      8 C0000008               1                       0
      9 C0000009              -1               14.957196
     10 C0000010       1.0000003                       0
     11 C0000011               0                       0
     12 C0000012               1               14.957196
     13 C0000013              -1               14.957196
     14 C0000014       1.9970792                       0
     15 C0000015              -1               10.088295
     16 C0000016               1               4.8689007
     17 C0000017              -1               14.957196
     18 C0000018               3                       0
     19 C0000019              -1               14.957196
     20 C0000020       2.4169247                       0
     21 C0000021      -0.9999988                       0
     22 C0000022               1               14.957196
     23 C0000023              -1               14.957196
     24 C0000024               3                       0
     25 C0000025              -1                       0
     26 C0000026               1               9.5781875
     27 C0000027               0                       0
     28 C0000028               1               14.957196
     29 C0000029              -1               4.2576165
     30 C0000030               1                       0
     31 C0000031              -1               7.6054703
     32 C0000032               1                       0
     33 C0000033              -1                       0
     34 C0000034               1               4.4011527
     35 C0000035     -0.70527579                       0
     36 C0000036               1               14.957196
     37 C0000037               0                       0
     38 C0000038               1               14.957196
     39 C0000039              -1                       0
     40 C0000040               1               8.2209053
     41 C0000041              -1               14.957196
     42 C0000042               3                       0
     43 C0000043              -1               1.1852077
     44 C0000044               1                       0
     45 C0000045              -1               8.1822991
     46 C0000046               1                       0
     47 C0000047     -0.99999997                       0
     48 C0000048               1               14.957196
     49 C0000049        0.999998                       0
     50 C0000050              -1               -14733.41
     51 C0000051        0.999998                       0
     52 C0000052              -1              -224.88709
     53 C0000053        0.999998                       0
     54 C0000054              -1               -239.1809
     55 C0000055           1e-06              -15197.478
     56 C0000056       5.8594056              -14.957196
     57 C0000057        4.999997                       0
     58 C0000058        4.999997              -3.3202222
     59 C0000059               5                       0
     60 C0000060               5                       0
     61 C0000061            14.5                       0
     62 C0000062            14.5                       0
     63 C0000063        39.79837                       0
     64 C0000064        39.79837             -0.27619663
     65 C0000065              50                       0
     66 C0000066              50                       0
     67 C0000067              12                       0
     68 C0000068              12                       0
     69 C0000069               5                       0
     70 C0000070               5                       0
     71 C0000071              10                       0
     72 C0000072              10                       0
     73 C0000073               6                       0
     74 C0000074               6                       0
     75 C0000075              12                       0
     76 C0000076              12                       0
     77 C0000077              14                       0
     78 C0000078              14                       0
     79 C0000079       10.250774                       0
     80 C0000080       10.250774                       0
     81 C0000081        7.492698                       0
     82 C0000082        7.492698                       0
     83 C0000083               3                       0
     84 C0000084               3                       0
      0 X0000000               0                12.45049
      1 X0000001               0               5.2874496
      2 X0000002    0.0050407477                       0
      3 X0000003               0               10.326182
      4 X0000004   1.6514132e-07                       0
      5 X0000005             0.5                       0
      6 X0000006       0.4985396                       0
      7 X0000007               0                       0
      8 X0000008               1                       0
      9 X0000009      0.70846234                       0
     10 X0000010    5.997216e-07                       0
     11 X0000011               1                       0
     12 X0000012               0               5.3790085
     13 X0000013             0.5                       0
     14 X0000014               0                10.69958
     15 X0000015               0               7.3517257
     16 X0000016               0               10.556043
     17 X0000017       0.1473621                       0
     18 X0000018             0.5                       0
     19 X0000019               0               6.7362907
     20 X0000020               1                       0
     21 X0000021               0               13.771988
     22 X0000022               0               6.7748969
     23 X0000023   1.7262119e-08                       0
     24 X0000024              12                       0
     25 X0000025              10                       0
     26 X0000026        39.79837                       0
     27 X0000027               1                       0
     28 X0000028       45.000007                       0
     29 X0000029             5.5              0.71647682
     30 X0000030        7.492698                       0
     31 X0000031              33                       0
     32 X0000032              50              -1.0908676
     33 X0000033       10.250774                       0
     34 X0000034        4.999997                       0
     35 X0000035              12              -1.3249772
     36 X0000036              12                       0
     37 X0000037            14.5               1.9422979
     38 X0000038               3                       0
     39 X0000039               5                       0
     40 X0000040               5                       0
     41 X0000041       34.958154                       0
     42 X0000042            14.5               1.2052875
     43 X0000043               8                       0
     44 X0000044               6             -0.91873351
     45 X0000045               1                       0
     46 X0000046              14                       0
     47 X0000047              16                       0
     48 X0000048           1e-06                       0
