Optimal - objective value 0.54471517
      0 C0000000             365               0.8492474
      1 C0000001              -1              0.27224195
      2 C0000002               1                       0
      3 C0000003              -1               0.9485784
      4 C0000004               1             0.051421603
      5 C0000005              -1              0.11473327
      6 C0000006               1                       0
      7 C0000007              -1              0.97864791
      8 C0000008               1             0.021352088
      9 C0000009              -1              0.89735147
     10 C0000010               1                       0
     11 C0000011              -1              0.73335869
     12 C0000012               1                       0
     13 C0000013              -1              0.25897713
     14 C0000014               1                       0
     15 C0000015              -1             0.069391869
     16 C0000016               1                       0
     17 C0000017              -1              0.22642902
     18 C0000018               1                       0
     19 C0000019              -1              0.59282374
     20 C0000020               1                       0
     21 C0000021              -1                       1
     22 C0000022       1.3202467                       0
     23 C0000023              -1              0.56033822
     24 C0000024               1                       0
     25 C0000025              -1              0.54647007
     26 C0000026               1                       0
     27 C0000027              -1              0.56896963
     28 C0000028               1                       0
     29 C0000029              -1              0.86287053
     30 C0000030               1                       0
     31 C0000031     -0.58363746                       0
     32 C0000032               1                       1
     33 C0000033              -1              0.26852984
     34 C0000034               1                       0
     35 C0000035              -1              0.55446909
     36 C0000036               1                       0
     37 C0000037              -1              0.24430611
     38 C0000038               1                       0
     39 C0000039              -1                       1
     40 C0000040       1.2089918                       0
     41 C0000041              -1              0.59353379
     42 C0000042               1                       0
     43 C0000043              -1              0.23488474
     44 C0000044               1                       0
     45 C0000045              -1              0.38954252
     46 C0000046               1                       0
     47 C0000047              -1              0.58385044
     48 C0000048               1                       0
     49 C0000049              -1              0.12401837
     50 C0000050               1                       0
     51 C0000051              -1              0.31918261
     52 C0000052               1                       0
     53 C0000053              -1              0.42466026
     54 C0000054               1                       0
     55 C0000055              -1              0.36366952
     56 C0000056               1                       0
     57 C0000057              -1              0.68877667
     58 C0000058               1                       0
     59 C0000059              -1               0.6673059
     60 C0000060               1                       0
     61 C0000061              -1              0.62569584
     62 C0000062               1                       0
     63 C0000063              -1              0.10637089
     64 C0000064               1                       0
     65 C0000065              -1              0.39222507
     66 C0000066               1                       0
     67 C0000067              -1                       1
     68 C0000068       1.1438293                       0
     69 C0000069              -1              0.35403255
     70 C0000070               1                       0
     71 C0000071              -1              0.90902934
     72 C0000072               1                       0
     73 C0000073              -1              0.79342365
     74 C0000074               1                       0
     75 C0000075              -1              0.33239939
     76 C0000076               1                       0
     77 C0000077              -1              0.51684084
     78 C0000078               1              0.48315916
     79 C0000079              -1              0.57122233
     80 C0000080               1                       0
     81 C0000081              -1               0.6469027
     82 C0000082               1                       0
     83 C0000083              -1              0.17053691
     84 C0000084               1                       0
     85 C0000085              -1              0.79966977
     86 C0000086               1                       0
     87 C0000087              -1              0.30561058
     88 C0000088               1                       0
     89 C0000089              -1                       0
     90 C0000090               1              0.55864463
     91 C0000091              -1              0.29417449
     92 C0000092               1                       0
     93 C0000093              -1              0.21606596
     94 C0000094               1                       0
     95 C0000095              -1              0.40020992
     96 C0000096               1                       0
     97 C0000097               1              -303.88479
     98 C0000098       -1.000002                       0
     99 C0000099        0.999998                       0
    100 C0000100              -1              -22.437371
    101 C0000101               1              -6.5750851
    102 C0000102       -1.000002                       0
    103 C0000103           1e-06              -332.89725
      0 X0000000               0              0.72775805
      1 X0000001               0                       0
      2 X0000002               0              0.88526673
      3 X0000003               0                       0
      4 X0000004               0              0.10264853
      5 X0000005               0              0.26664131
      6 X0000006               0              0.74102287
      7 X0000007               0              0.93060813
      8 X0000008               0              0.77357098
      9 X0000009               0              0.40717626
     10 X0000010      0.16012334                       0
     11 X0000011               0              0.43966178
     12 X0000012               0              0.45352993
     13 X0000013               0              0.43103037
     14 X0000014               0              0.13712947
     15 X0000015      0.20818127                       0
     16 X0000016               0              0.73147016
     17 X0000017               0              0.44553091
     18 X0000018               0              0.75569389
     19 X0000019      0.10449589                       0
     20 X0000020               0              0.40646621
     21 X0000021               0              0.76511526
     22 X0000022               0              0.61045748
     23 X0000023               0              0.41614956
     24 X0000024               0              0.87598163
     25 X0000025               0              0.68081739
     26 X0000026               0              0.57533974
     27 X0000027               0              0.63633048
     28 X0000028               0              0.31122333
     29 X0000029               0               0.3326941
     30 X0000030               0              0.37430416
     31 X0000031               0              0.89362911
     32 X0000032               0              0.60777493
     33 X0000033     0.071914665                       0
     34 X0000034               0              0.64596745
     35 X0000035               0             0.090970655
     36 X0000036               0              0.20657635
     37 X0000037               0              0.66760061
     38 X0000038               0                       0
     39 X0000039               0              0.42877767
     40 X0000040               0               0.3530973
     41 X0000041               0              0.82946309
     42 X0000042               0              0.20033023
     43 X0000043               0              0.69438942
     44 X0000044               0              0.44135537
     45 X0000045               0              0.70582551
     46 X0000046               0              0.78393404
     47 X0000047               0              0.59979008
     48 X0000048               6                       0
     49 X0000049              19                       0
     50 X0000050               7                       0
     51 X0000051               4                       0
     52 X0000052               4                       0
     53 X0000053               3                       0
     54 X0000054               1                       0
     55 X0000055               3                       0
     56 X0000056               2                       0
     57 X0000057               3                       0
     58 X0000058        17.40185                       0
     59 X0000059               4                       0
     60 X0000060               1                       0
     61 X0000061               8                       0
     62 X0000062               4                       0
     63 X0000063       19.003649                       0
     64 X0000064              18                       0
     65 X0000065               5                       0
     66 X0000066              16                       0
     67 X0000067        9.940463                       0
     68 X0000068               2                       0
     69 X0000069               1                       0
     70 X0000070               2                       0
     71 X0000071               6                       0
     72 X0000072              23                       0
     73 X0000073               1                       0
     74 X0000074              10                       0
     75 X0000075               1                       0
     76 X0000076              14                       0
     77 X0000077               4                       0
     78 X0000078               3                       0
     79 X0000079              13                       0
     80 X0000080               1                       0
     81 X0000081       24.654037                       0
     82 X0000082               4                       0
     83 X0000083               4                       0
     84 X0000084               6                       0
     85 X0000085               1                       0
     86 X0000086              20                       0
     87 X0000087               4                       0
     88 X0000088              19                       0
     89 X0000089               9                       0
     90 X0000090               8                       0
     91 X0000091               2                       0
     92 X0000092              19                       0
     93 X0000093               3                       0
     94 X0000094               1                       0
     95 X0000095               5                       0
     96 X0000096           1e-06                       0
