Optimal - objective value 5.85940457
      0 C0000000             365              -2.8625404
      1 C0000001              -1               0.2734208
      2 C0000002               1                       0
      3 C0000003              -1                       0
      4 C0000004               1               0.9239371
      5 C0000005     -0.98991936                       0
      6 C0000006               1                       1
      7 C0000007              -1              0.34082567
      8 C0000008               1                       0
      9 C0000009              -1              0.28345839
     10 C0000010               1              0.71654161
     11 C0000011               0                       0
     12 C0000012               1                       1
     13 C0000013              -1                       1
     14 C0000014       1.9970804                       0
     15 C0000015              -1                       0
     16 C0000016               1              0.38819743
     17 C0000017              -1                       1
     18 C0000018               3                       0
     19 C0000019              -1                       1
     20 C0000020       2.4169233                       0
     21 C0000021              -1               0.6252175
     22 C0000022               1               0.3747825
     23 C0000023              -1                       1
     24 C0000024               3                       0
     25 C0000025              -1                       0
     26 C0000026               1              0.93949494
     27 C0000027               0                       0
     28 C0000028               1                       1
     29 C0000029              -1              0.30840212
     30 C0000030               1                       0
     31 C0000031              -1              0.66261901
     32 C0000032               1                       0
     33 C0000033              -1                       0
     34 C0000034               1                0.227063
     35 C0000035     -0.70527521                       0
     36 C0000036               1                       1
     37 C0000037               0                       0
     38 C0000038               1                       1
     39 C0000039              -1                       0
     40 C0000040               1              0.59348523
     41 C0000041              -1                       1
     42 C0000042               3                       0
     43 C0000043              -1              0.10628145
     44 C0000044               1                       0
     45 C0000045              -1              0.55428941
     46 C0000046               1                       0
     47 C0000047              -1                       0
     48 C0000048               1              0.22224274
     49 C0000049        0.999998                       0
     50 C0000050              -1              -1025.3386
     51 C0000051        0.999998                       0
     52 C0000052              -1              -17.887181
     53 C0000053        0.999998                       0
     54 C0000054              -1              -7.6741147
     55 C0000055           1e-06              -1050.8999
      0 X0000000               0               0.7265792
      1 X0000001               0             0.076062903
      2 X0000002      0.00504032                       0
      3 X0000003               0              0.65917433
      4 X0000004               0                       0
      5 X0000005             0.5                       0
      6 X0000006       0.4985402                       0
      7 X0000007               0              0.61180257
      8 X0000008               1                       0
      9 X0000009      0.70846166                       0
     10 X0000010               0                       0
     11 X0000011               1                       0
     12 X0000012               0             0.060505064
     13 X0000013             0.5                       0
     14 X0000014               0              0.69159788
     15 X0000015               0              0.33738099
     16 X0000016               0                0.772937
     17 X0000017      0.14736239                       0
     18 X0000018             0.5                       0
     19 X0000019               0              0.40651477
     20 X0000020               1                       0
     21 X0000021               0              0.89371855
     22 X0000022               0              0.44571059
     23 X0000023               0              0.77775726
     24 X0000024              12                       0
     25 X0000025              10                       0
     26 X0000026       39.798387                       0
     27 X0000027               1                       0
     28 X0000028              45                       0
     29 X0000029             5.5             0.044679089
     30 X0000030        7.492701                       0
     31 X0000031              33                       0
     32 X0000032              50            -0.066013633
     33 X0000033        10.25077                       0
     34 X0000034               5                       0
     35 X0000035              12             -0.12093537
     36 X0000036              12                       0
     37 X0000037            14.5              0.14518021
     38 X0000038               3                       0
     39 X0000039               5                       0
     40 X0000040               5                       0
     41 X0000041       34.958142                       0
     42 X0000042            14.5              0.11201331
     43 X0000043               8                       0
     44 X0000044               6             -0.11109019
     45 X0000045               1                       0
     46 X0000046              14                       0
     47 X0000047              16                       0
     48 X0000048           1e-06                       0
