Optimal - objective value 10.33165818
      0 C0000000             365             -0.34318489
      1 C0000001              -1               5.2006698
      2 C0000002               1                       0
      3 C0000003              -1               2.0007196
      4 C0000004               1                       0
      5 C0000005              -1               6.8634446
      6 C0000006               1                       0
      7 C0000007              -1               18.135715
      8 C0000008       1.1102115                       0
      9 C0000009              -1               17.398206
     10 C0000010               1                       0
     11 C0000011              -1               15.882327
     12 C0000012               1                       0
     13 C0000013              -1               5.3817457
     14 C0000014               1                       0
     15 C0000015              -1               2.4620508
     16 C0000016               1                       0
     17 C0000017              -1               5.5472186
     18 C0000018               1                       0
     19 C0000019              -1               9.8989817
     20 C0000020               1                       0
     21 C0000021              -1               7.7204723
     22 C0000022               1                       0
     23 C0000023              -1               6.2314119
     24 C0000024               1                       0
     25 C0000025              -1               9.4749613
     26 C0000026               1                       0
     27 C0000027              -1               13.495933
     28 C0000028               1                       0
     29 C0000029              -1               18.135715
     30 C0000030       2.1722007                       0
     31 C0000031              -1               18.135715
     32 C0000032       1.5086614                       0
     33 C0000033     -0.99995346                       0
     34 C0000034               1               18.135715
     35 C0000035              -1               7.6408881
     36 C0000036               1                       0
     37 C0000037              -1                3.013388
     38 C0000038               1                       0
     39 C0000039              -1               14.495032
     40 C0000040               1                       0
     41 C0000041              -1               8.4117395
     42 C0000042               1                       0
     43 C0000043              -1               4.7120773
     44 C0000044               1                       0
     45 C0000045              -1               7.7917267
     46 C0000046               1                       0
     47 C0000047              -1               6.9801164
     48 C0000048               1                       0
     49 C0000049              -1               6.5344708
     50 C0000050               1                       0
     51 C0000051              -1               6.2857745
     52 C0000052               1                       0
     53 C0000053              -1               11.717188
     54 C0000054               1                       0
     55 C0000055              -1               6.2712417
     56 C0000056               1                       0
     57 C0000057              -1                15.68101
     58 C0000058               1                       0
     59 C0000059              -1                11.28193
     60 C0000060               1                       0
     61 C0000061              -1               12.621021
     62 C0000062               1                       0
     63 C0000063              -1                       0
     64 C0000064               1              0.28639852
     65 C0000065              -1               7.7742454
     66 C0000066               1                       0
     67 C0000067              -1               12.418169
     68 C0000068               1                       0
     69 C0000069              -1               8.3927176
     70 C0000070               1                       0
     71 C0000071              -1               12.047557
     72 C0000072               1                       0
     73 C0000073              -1               13.541586
     74 C0000074               1                       0
     75 C0000075              -1               6.2267177
     76 C0000076               1                       0
     77 C0000077              -1               2.9794552
     78 C0000078               1                       0
     79 C0000079              -1               16.020869
     80 C0000080               1                       0
     81 C0000081    -0.087542967                       0
     82 C0000082               1               18.135715
     83 C0000083              -1             0.027799778
     84 C0000084               1                       0
     85 C0000085              -1               4.7136734
     86 C0000086               1                       0
     87 C0000087              -1               5.9905537
     88 C0000088               1                       0
     89 C0000089              -1               4.8999075
     90 C0000090               1                       0
     91 C0000091              -1               5.3068075
     92 C0000092               1                       0
     93 C0000093              -1               3.0779631
     94 C0000094               1                       0
     95 C0000095              -1               11.762575
     96 C0000096               1                       0
     97 C0000097        0.999998                       0
     98 C0000098              -1                       0
     99 C0000099        0.999998                       0
    100 C0000100              -1              -411.37207
    101 C0000101        0.999998                       0
    102 C0000102              -1              -127.63522
    103 C0000103           1e-06               -539.0073
    104 C0000104       1.3517885              -18.135715
    105 C0000105       17.999581                       0
    106 C0000106       17.999581             -0.82620286
    107 C0000107               1                       0
    108 C0000108               1                       0
    109 C0000109               8                       0
    110 C0000110               8                       0
    111 C0000111               3                       0
    112 C0000112               3                       0
    113 C0000113               2                       0
    114 C0000114               2                       0
    115 C0000115               9                       0
    116 C0000116               9                       0
    117 C0000117              23                       0
    118 C0000118              23                       0
    119 C0000119               2                       0
    120 C0000120               2                       0
    121 C0000121               1                       0
    122 C0000122               1                       0
    123 C0000123              13                       0
    124 C0000124              13                       0
    125 C0000125               1                       0
    126 C0000126               1                       0
    127 C0000127               1                       0
    128 C0000128               1                       0
    129 C0000129               4                       0
    130 C0000130               4                       0
    131 C0000131               6                       0
    132 C0000132               6                       0
    133 C0000133       6.3444013                       0
    134 C0000134       6.3444013                       0
    135 C0000135               1                       0
    136 C0000136               1                       0
    137 C0000137               1                       0
    138 C0000138               1                       0
    139 C0000139               5                       0
    140 C0000140               5                       0
    141 C0000141               3                       0
    142 C0000142               3                       0
    143 C0000143               7                       0
    144 C0000144               7                       0
    145 C0000145               2                       0
    146 C0000146               2                       0
    147 C0000147               8                       0
    148 C0000148               8                       0
    149 C0000149               3                       0
    150 C0000150               3                       0
    151 C0000151               9                       0
    152 C0000152               9                       0
    153 C0000153               4                       0
    154 C0000154               4                       0
    155 C0000155              16                       0
    156 C0000156              16                       0
    157 C0000157               1                       0
    158 C0000158               1                       0
    159 C0000159               4                       0
    160 C0000160               4                       0
    161 C0000161       30.103936                       0
    162 C0000162       30.103936                       0
    163 C0000163              10                       0
    164 C0000164              10                       0
    165 C0000165               5                       0
    166 C0000166               5                       0
    167 C0000167               6                       0
    168 C0000168               6                       0
    169 C0000169              20                       0
    170 C0000170              20                       0
    171 C0000171              23                       0
    172 C0000172              23                       0
    173 C0000173              19                       0
    174 C0000174              19                       0
    175 C0000175              15                       0
    176 C0000176              15                       0
    177 C0000177              14                       0
    178 C0000178              14                       0
    179 C0000179               2                       0
    180 C0000180               2                       0
    181 C0000181               4                       0
    182 C0000182               4                       0
    183 C0000183               3                       0
    184 C0000184               3                       0
    185 C0000185               6                       0
    186 C0000186               6                       0
    187 C0000187               1                       0
    188 C0000188               1                       0
    189 C0000189               4                       0
    190 C0000190               4                       0
    191 C0000191              19                       0
    192 C0000192              19                       0
    193 C0000193               4                       0
    194 C0000194               4                       0
    195 C0000195        4.220423                       0
    196 C0000196        4.220423                       0
      0 X0000000               0               12.935045
      1 X0000001               0               16.134995
      2 X0000002               0                11.27227
      3 X0000003      0.05510575                       0
      4 X0000004               0              0.73750896
      5 X0000005               0                2.253388
      6 X0000006               0               12.753969
      7 X0000007               0               15.673664
      8 X0000008               0               12.588496
      9 X0000009               0               8.2367332
     10 X0000010               0               10.415243
     11 X0000011               0               11.904303
     12 X0000012               0               8.6607536
     13 X0000013               0               4.6397821
     14 X0000014      0.58610033                       0
     15 X0000015      0.25433068                       0
     16 X0000016   2.3267901e-05                       0
     17 X0000017               0               10.494827
     18 X0000018               0               15.122327
     19 X0000019               0                3.640683
     20 X0000020               0               9.7239754
     21 X0000021               0               13.423638
     22 X0000022               0               10.343988
     23 X0000023               0               11.155598
     24 X0000024               0               11.601244
     25 X0000025               0                11.84994
     26 X0000026               0               6.4185268
     27 X0000027               0               11.864473
     28 X0000028               0               2.4547048
     29 X0000029               0               6.8537851
     30 X0000030               0               5.5146942
     31 X0000031               0               17.849316
     32 X0000032               0               10.361469
     33 X0000033               0               5.7175456
     34 X0000034               0               9.7429973
     35 X0000035               0               6.0881575
     36 X0000036               0               4.5941292
     37 X0000037               0               11.908997
     38 X0000038               0                15.15626
     39 X0000039               0               2.1148458
     40 X0000040      0.45622852                       0
     41 X0000041               0               18.107915
     42 X0000042               0               13.422041
     43 X0000043               0               12.145161
     44 X0000044               0               13.235807
     45 X0000045               0               12.828907
     46 X0000046               0               15.057752
     47 X0000047               0                 6.37314
     48 X0000048               6                       0
     49 X0000049              19                       0
     50 X0000050               7                       0
     51 X0000051        4.220423                       0
     52 X0000052               4                       0
     53 X0000053               3                       0
     54 X0000054               1                       0
     55 X0000055               3                       0
     56 X0000056               2                       0
     57 X0000057               3                       0
     58 X0000058              15                       0
     59 X0000059               4                       0
     60 X0000060               1                       0
     61 X0000061               8                       0
     62 X0000062       6.3444013                       0
     63 X0000063       30.103936                       0
     64 X0000064       17.999581                       0
     65 X0000065               5                       0
     66 X0000066              16                       0
     67 X0000067               9                       0
     68 X0000068               2                       0
     69 X0000069               1                       0
     70 X0000070               2                       0
     71 X0000071               6                       0
     72 X0000072              23                       0
     73 X0000073               1                       0
     74 X0000074              10                       0
     75 X0000075               1                       0
     76 X0000076              14                       0
     77 X0000077               4                       0
     78 X0000078               3                       0
     79 X0000079              13                       0
     80 X0000080               1                       0
     81 X0000081              23                       0
     82 X0000082               4                       0
     83 X0000083               4                       0
     84 X0000084               6                       0
     85 X0000085               1                       0
     86 X0000086              20                       0
     87 X0000087               4                       0
     88 X0000088       10.331658                       0
     89 X0000089               9                       0
     90 X0000090               8                       0
     91 X0000091               2                       0
     92 X0000092              19                       0
     93 X0000093               3                       0
     94 X0000094               1                       0
     95 X0000095               5                       0
     96 X0000096           1e-06                       0
