Optimal - objective value 1.00000000
      0 C0000000             365             -0.52914858
      1 C0000001              -1              0.58038607
      2 C0000002               1                       0
      3 C0000003              -1                       0
      4 C0000004               1            0.0028057675
      5 C0000005     -0.99999842                       0
      6 C0000006               1              0.69555635
      7 C0000007              -1                       0
      8 C0000008               1              0.43874073
      9 C0000009              -1              0.69555635
     10 C0000010       1.7291676                       0
     11 C0000011              -1              0.63342235
     12 C0000012               1                       0
     13 C0000013              -1              0.31029303
     14 C0000014               1                       0
     15 C0000015              -1              0.43186789
     16 C0000016               1                       0
     17 C0000017              -1              0.22781573
     18 C0000018               1                       0
     19 C0000019     -0.99999978                       0
     20 C0000020               1              0.69555635
     21 C0000021              -1              0.48516885
     22 C0000022               1                       0
     23 C0000023              -1              0.35221207
     24 C0000024               1                       0
     25 C0000025  -1.6492521e-06                       0
     26 C0000026               1              0.69555635
     27 C0000027     -0.35544446                       0
     28 C0000028               1              0.69555635
     29 C0000029              -1              0.69555635
     30 C0000030               3                       0
     31 C0000031              -1                       0
     32 C0000032               1              0.69555635
     33 C0000033              -1              0.65319801
     34 C0000034               1                       0
     35 C0000035              -1                       0
     36 C0000036               1               0.2560288
     37 C0000037              -1              0.60458255
     38 C0000038               1             0.090973805
     39 C0000039              -1              0.11152439
     40 C0000040               1                       0
     41 C0000041              -1              0.28776105
     42 C0000042               1                       0
     43 C0000043              -1               0.3036914
     44 C0000044               1                       0
     45 C0000045              -1              0.57042042
     46 C0000046               1                       0
     47 C0000047              -1              0.49308871
     48 C0000048               1                       0
     49 C0000049              -1              0.69555635
     50 C0000050       1.5572968                       0
     51 C0000051              -1              0.55993574
     52 C0000052               1              0.13562062
     53 C0000053              -1              0.67979716
     54 C0000054               1                       0
     55 C0000055              -1                       0
     56 C0000056               1             0.068859651
     57 C0000057              -1              0.15904995
     58 C0000058               1                       0
     59 C0000059              -1              0.28941953
     60 C0000060               1                       0
     61 C0000061              -1              0.30617508
     62 C0000062               1                       0
     63 C0000063              -1               0.5123933
     64 C0000064               1                       0
     65 C0000065              -1              0.32626774
     66 C0000066               1                       0
     67 C0000067              -1                       0
     68 C0000068               1                0.290814
     69 C0000069              -1                0.424075
     70 C0000070               1                       0
     71 C0000071              -1              0.11845659
     72 C0000072               1                       0
     73 C0000073              -1              0.27799106
     74 C0000074               1                       0
     75 C0000075              -1              0.23631376
     76 C0000076               1                       0
     77 C0000077              -1                       0
     78 C0000078               1              0.57767723
     79 C0000079              -1              0.56603462
     80 C0000080               1              0.12952174
     81 C0000081              -1              0.17739875
     82 C0000082               1                       0
     83 C0000083              -1              0.69555635
     84 C0000084        2.069517                       0
     85 C0000085              -1               0.2579431
     86 C0000086               1                       0
     87 C0000087              -1              0.26470348
     88 C0000088               1                       0
     89 C0000089              -1              0.56442323
     90 C0000090               1                       0
     91 C0000091              -1              0.16213117
     92 C0000092               1                       0
     93 C0000093              -1              0.18143081
     94 C0000094               1                       0
     95 C0000095              -1              0.34277378
     96 C0000096               1                       0
     97 C0000097        0.999998                       0
     98 C0000098              -1              -183.15351
     99 C0000099        0.999998                       0
    100 C0000100              -1              -21.539402
    101 C0000101        0.999998                       0
    102 C0000102              -1              -2.7772333
    103 C0000103           1e-06              -207.47015
    104 C0000104       3.0002685             -0.69555635
    105 C0000105       11.999991                       0
    106 C0000106       11.999991            -0.065350139
    107 C0000107       19.999998                       0
    108 C0000108       19.999998            -0.020331123
    109 C0000109       4.0937514                       0
    110 C0000110       4.0937514           -0.0020346384
    111 C0000111               1                       0
    112 C0000112               1                       0
    113 C0000113              19                       0
    114 C0000114              19                       0
    115 C0000115               4                       0
    116 C0000116               4                       0
    117 C0000117               3                       0
    118 C0000118               3                       0
    119 C0000119              20                       0
    120 C0000120              20                       0
    121 C0000121               1                       0
    122 C0000122               1                       0
    123 C0000123               1                       0
    124 C0000124               1                       0
    125 C0000125              18                       0
    126 C0000126              18                       0
      0 X0000000               0              0.11517029
      1 X0000001               0              0.69275059
      2 X0000002   7.8774837e-07                       0
      3 X0000003               0              0.25681562
      4 X0000004      0.36458381                       0
      5 X0000005               0             0.062134004
      6 X0000006               0              0.38526332
      7 X0000007               0              0.26368846
      8 X0000008               0              0.46774063
      9 X0000009    1.099155e-07                       0
     10 X0000010               0               0.2103875
     11 X0000011               0              0.34334428
     12 X0000012      0.49999918                       0
     13 X0000013      0.32227777                       0
     14 X0000014               1                       0
     15 X0000015   2.0346586e-09                       0
     16 X0000016               0              0.04235835
     17 X0000017               0              0.43952756
     18 X0000018               0                       0
     19 X0000019               0              0.58403197
     20 X0000020               0              0.40779531
     21 X0000021               0              0.39186496
     22 X0000022               0              0.12513594
     23 X0000023               0              0.20246764
     24 X0000024      0.27864842                       0
     25 X0000025               0                       0
     26 X0000026               0             0.015759199
     27 X0000027               0               0.6266967
     28 X0000028               0               0.5365064
     29 X0000029               0              0.40613682
     30 X0000030               0              0.38938128
     31 X0000031               0              0.18316305
     32 X0000032               0              0.36928861
     33 X0000033               0              0.40474236
     34 X0000034               0              0.27148135
     35 X0000035               0              0.57709977
     36 X0000036               0               0.4175653
     37 X0000037               0               0.4592426
     38 X0000038               0              0.11787913
     39 X0000039               0                       0
     40 X0000040               0               0.5181576
     41 X0000041      0.53475848                       0
     42 X0000042               0              0.43761325
     43 X0000043               0              0.43085288
     44 X0000044               0              0.13113312
     45 X0000045               0              0.53342519
     46 X0000046               0              0.51412554
     47 X0000047               0              0.35278258
     48 X0000048               3                       0
     49 X0000049              10                       0
     50 X0000050       11.999991                       0
     51 X0000051              20                       0
     52 X0000052       4.0937514                       0
     53 X0000053               4                       0
     54 X0000054              15                       0
     55 X0000055               2                       0
     56 X0000056               2                       0
     57 X0000057       19.999998                       0
     58 X0000058               1                       0
     59 X0000059               5                       0
     60 X0000060       9.0000148                       0
     61 X0000061       14.909889                       0
     62 X0000062               8              -0.0348939
     63 X0000063               1                       0
     64 X0000064               4                       0
     65 X0000065              12                       0
     66 X0000066               8                       0
     67 X0000067              18                       0
     68 X0000068               1                       0
     69 X0000069               2                       0
     70 X0000070               8                       0
     71 X0000071               3                       0
     72 X0000072       3.8359453                       0
     73 X0000073               4                       0
     74 X0000074               2                       0
     75 X0000075               5                       0
     76 X0000076              12                       0
     77 X0000077               1                       0
     78 X0000078              16                       0
     79 X0000079               5                       0
     80 X0000080               4                       0
     81 X0000081              16                       0
     82 X0000082              10                       0
     83 X0000083               1                       0
     84 X0000084               1                       0
     85 X0000085               1                       0
     86 X0000086              19                       0
     87 X0000087              22                       0
     88 X0000088               4                       0
     89 X0000089       29.160411                       0
     90 X0000090               1                       0
     91 X0000091               1                       0
     92 X0000092              13                       0
     93 X0000093               1                       0
     94 X0000094               4                       0
     95 X0000095               2                       0
     96 X0000096           1e-06                       0
