Optimal - objective value 23.99999989
      0 C0000000             365                 68.1698
      1 C0000001     -0.69718683                       0
      2 C0000002               1                19.85229
      3 C0000003              -1                19.85229
      4 C0000004               1                       0
      5 C0000005              -1                19.85229
      6 C0000006       1.6135956                       0
      7 C0000007              -1                19.85229
      8 C0000008       2.9999995                       0
      9 C0000009   -1.866529e-07                       0
     10 C0000010               1                19.85229
     11 C0000011   -0.0024318112                       0
     12 C0000012               1                19.85229
     13 C0000013  -5.0154144e-14                       0
     14 C0000014               1                19.85229
     15 C0000015              -1                19.85229
     16 C0000016       2.9999982                       0
     17 C0000017              -1               2.6182771
     18 C0000018               1               17.234013
     19 C0000019  -5.1652725e-08                       0
     20 C0000020               1                19.85229
     21 C0000021     -0.99999999                       0
     22 C0000022               1                19.85229
     23 C0000023              -1                19.85229
     24 C0000024       1.0298518                       0
     25 C0000025               1              -25206.905
     26 C0000026       -1.001098                       0
     27 C0000027      0.99890196                       0
     28 C0000028              -1              -218.55547
     29 C0000029      0.99890196                       0
     30 C0000030              -1               -259.1966
     31 C0000031   0.00054902028              -25684.657
     32 C0000032       4.4719131               -19.85229
     33 C0000033       19.999998                       0
     34 C0000034       19.999998              -3.1205319
     35 C0000035            10.5                       0
     36 C0000036            10.5                       0
     37 C0000037       3.0072954                       0
     38 C0000038       3.0072954              -2.7222701
     39 C0000039       35.999984                       0
     40 C0000040       35.999984             -0.17105866
     41 C0000041        5.500001                       0
     42 C0000042        5.500001            -0.074808159
     43 C0000043       10.454382                       0
     44 C0000044       10.454382                       0
     45 C0000045       4.0000002                       0
     46 C0000046       4.0000002                       0
     47 C0000047              65                       0
     48 C0000048              65                       0
     49 C0000049       58.865702                       0
     50 C0000050       58.865702            -0.050084881
     51 C0000051       46.672638                       0
     52 C0000052       46.672638                       0
      0 X0000000      0.15140658                       0
      1 X0000001    7.107361e-09                       0
      2 X0000002      0.30679779                       0
      3 X0000003      0.99999977                       0
      4 X0000004      0.49999991                       0
      5 X0000005      0.49878409                       0
      6 X0000006             0.5                       0
      7 X0000007      0.99999909                       0
      8 X0000008               0                       0
      9 X0000009      0.49999997                       0
     10 X0000010   4.6354155e-09                       0
     11 X0000011     0.014925888                       0
     12 X0000012       46.672638                       0
     13 X0000013              65                       0
     14 X0000014       10.454382                       0
     15 X0000015       19.999998                       0
     16 X0000016        5.500001                       0
     17 X0000017       3.0072954                       0
     18 X0000018            10.5               1.8764089
     19 X0000019       35.999984                       0
     20 X0000020              81                       0
     21 X0000021       4.0000002                       0
     22 X0000022              24                       0
     23 X0000023       58.865702                       0
     24 X0000024   0.00054902028                       0
