Optimal - objective value 0.00000000
      0 C0000000               1                       0
      1 C0000001              -1                       0
      2 C0000002               1                       0
      3 C0000003              -1                       0
      4 C0000004               1                       0
      5 C0000005              -1                       0
      6 C0000006               1                       0
      7 C0000007              -1                       0
      8 C0000008             365                       0
      9 C0000009              -1                       0
     10 C0000010               3                       0
     11 C0000011              -1                       0
     12 C0000012               3                       0
     13 C0000013             0.5                       0
     14 C0000014             1.5                       0
     15 C0000015             0.5                       0
     16 C0000016             1.5                       0
     17 C0000017             0.5                       0
     18 C0000018             1.5                       0
     19 C0000019      0.09397459                       0
     20 C0000020       1.9060254                       0
     21 C0000021              -1                       0
     22 C0000022               3                       0
     23 C0000023              -1                       0
     24 C0000024               3                       0
     25 C0000025             0.5                       0
     26 C0000026             1.5                       0
     27 C0000027             0.5                       0
     28 C0000028             1.5                       0
     29 C0000029             0.5                       0
     30 C0000030             1.5                       0
     31 C0000031              -1                       0
     32 C0000032               3                       0
     33 C0000033             0.5                       0
     34 C0000034             1.5                       0
     35 C0000035     -0.58919627                       0
     36 C0000036       2.5891963                       0
     37 C0000037              -1                       0
     38 C0000038               3                       0
     39 C0000039             0.5                       0
     40 C0000040             1.5                       0
     41 C0000041             0.5                       0
     42 C0000042             1.5                       0
     43 C0000043             0.5                       0
     44 C0000044             1.5                       0
     45 C0000045             0.5                       0
     46 C0000046             1.5                       0
     47 C0000047             0.5                       0
     48 C0000048             1.5                       0
     49 C0000049              -1                       0
     50 C0000050               3                       0
     51 C0000051             0.5                       0
     52 C0000052             1.5                       0
     53 C0000053             0.5                       0
     54 C0000054             1.5                       0
     55 C0000055             0.5                       0
     56 C0000056             1.5                       0
     57 C0000057             0.5                       0
     58 C0000058             1.5                       0
     59 C0000059              -1                       0
     60 C0000060               3                       0
     61 C0000061             0.5                       0
     62 C0000062             1.5                       0
     63 C0000063             0.5                       0
     64 C0000064             1.5                       0
     65 C0000065             0.5                       0
     66 C0000066             1.5                       0
     67 C0000067             0.5                       0
     68 C0000068             1.5                       0
     69 C0000069             0.5                       0
     70 C0000070             1.5                       0
     71 C0000071              -1                       0
     72 C0000072               3                       0
     73 C0000073              -1                       0
     74 C0000074               3                       0
     75 C0000075             0.5                       0
     76 C0000076             1.5                       0
     77 C0000077              -1                       0
     78 C0000078               3                       0
     79 C0000079              -1                       0
     80 C0000080               3                       0
     81 C0000081      0.27436872                       0
     82 C0000082       1.7256313                       0
     83 C0000083              -1                       0
     84 C0000084               3                       0
     85 C0000085              -1                       0
     86 C0000086               3                       0
     87 C0000087      0.12528368                       0
     88 C0000088       1.8747163                       0
     89 C0000089             0.5                       0
     90 C0000090             1.5                       0
     91 C0000091     -0.20758895                       0
     92 C0000092        2.207589                       0
     93 C0000093             0.5                       0
     94 C0000094             1.5                       0
     95 C0000095             0.5                       0
     96 C0000096             1.5                       0
     97 C0000097             0.5                       0
     98 C0000098             1.5                       0
     99 C0000099             0.5                       0
    100 C0000100             1.5                       0
    101 C0000101              -1                       0
    102 C0000102               3                       0
    103 C0000103              -1                       0
    104 C0000104               3                       0
      0 X0000000               6                       0
      1 X0000001              20                       0
      2 X0000002               6                       0
      3 X0000003              10                       0
      4 X0000004             1.5                       0
      5 X0000005       3.6241016                       0
      6 X0000006              30                       0
      7 X0000007               4                       0
      8 X0000008               1                       0
      9 X0000009              10                       0
     10 X0000010             0.5                       0
     11 X0000011              10                       0
     12 X0000012               9                       0
     13 X0000013       34.962318                       0
     14 X0000014               8                       0
     15 X0000015             0.5                       0
     16 X0000016               2                       0
     17 X0000017               6                       0
     18 X0000018               4                       0
     19 X0000019               9                       0
     20 X0000020               2                       0
     21 X0000021               1                       0
     22 X0000022               4                       0
     23 X0000023             1.5                       0
     24 X0000024             1.5                       0
     25 X0000025               8                       0
     26 X0000026               1                       0
     27 X0000027             2.5                       0
     28 X0000028               6                       0
     29 X0000029             0.5                       0
     30 X0000030               8                       0
     31 X0000031              10                       0
     32 X0000032               8                       0
     33 X0000033               8                       0
     34 X0000034              20                       0
     35 X0000035               2                       0
     36 X0000036      0.72563128                       0
     37 X0000037               2                       0
     38 X0000038              38                       0
     39 X0000039       19.243759                       0
     40 X0000040               2                       0
     41 X0000041        22.94419                       0
     42 X0000042             0.5                       0
     43 X0000043             0.5                       0
     44 X0000044             6.5                       0
     45 X0000045             0.5                       0
     46 X0000046               8                       0
     47 X0000047               4                       0
     48 X0000048               1                       0
     49 X0000049               0                       1
