Optimal - objective value 2.83538302
      0 C0000000        0.999998                       0
      1 C0000001              -1              -931.52149
      2 C0000002               1              -40.884413
      3 C0000003       -1.000002                       0
      4 C0000004               1              -22.800653
      5 C0000005       -1.000002                       0
      6 C0000006               1              -68.553578
      7 C0000007       -1.000002                       0
      8 C0000008             365              -2.1957188
      9 C0000009              -1              0.66300951
     10 C0000010               1                       0
     11 C0000011              -1                       0
     12 C0000012               1              0.38179813
     13 C0000013              -1                       1
     14 C0000014               3                       0
     15 C0000015              -1                       1
     16 C0000016       1.7055483                       0
     17 C0000017              -1                       0
     18 C0000018               1              0.18739569
     19 C0000019              -1                       0
     20 C0000020               1              0.20919608
     21 C0000021               0                       0
     22 C0000022               1                       1
     23 C0000023              -1              0.78553348
     24 C0000024               1              0.21446652
     25 C0000025              -1                       0
     26 C0000026               1             0.059154127
     27 C0000027              -1                       0
     28 C0000028               1              0.49330474
     29 C0000029              -1                       0
     30 C0000030               1              0.83205206
     31 C0000031    9.986506e-14                       0
     32 C0000032               1                       1
     33 C0000033              -1                       0
     34 C0000034               1              0.13967821
     35 C0000035              -1                       0
     36 C0000036               1             0.054481023
     37 C0000037              -1              0.72335434
     38 C0000038               1                       0
     39 C0000039              -1                       0
     40 C0000040               1             0.038686544
     41 C0000041              -1                       1
     42 C0000042         1.43448                       0
     43 C0000043              -1                       0
     44 C0000044               1              0.62322968
     45 C0000045              -1                       0
     46 C0000046               1              0.26841849
     47 C0000047              -1                       0
     48 C0000048               1              0.15683598
     49 C0000049              -1              0.25763305
     50 C0000050               1                       0
     51 C0000051              -1              0.84110625
     52 C0000052               1                       0
     53 C0000053     -0.87208971                       0
     54 C0000054               1                       1
     55 C0000055              -1             0.061741894
     56 C0000056               1                       0
     57 C0000057              -1                       0
     58 C0000058               1              0.13440094
     59 C0000059              -1                       0
     60 C0000060               1              0.32797761
     61 C0000061     -0.65085621                       0
     62 C0000062               1                       1
     63 C0000063              -1                       0
     64 C0000064               1             0.072775677
     65 C0000065              -1                       0
     66 C0000066               1              0.39337977
     67 C0000067              -1             0.071982141
     68 C0000068               1                       0
     69 C0000069              -1                       0
     70 C0000070               1              0.37161138
     71 C0000071              -1                       0
     72 C0000072               1              0.23292783
     73 C0000073              -1                       0
     74 C0000074               1              0.44765496
     75 C0000075              -1                       0
     76 C0000076               1               0.4853096
     77 C0000077              -1                       0
     78 C0000078               1             0.044632378
     79 C0000079              -1                       0
     80 C0000080               1              0.20833709
     81 C0000081              -1              0.82653923
     82 C0000082               1              0.17346077
     83 C0000083              -1                       0
     84 C0000084               1              0.14799812
     85 C0000085              -1                       0
     86 C0000086               1              0.22948817
     87 C0000087              -1              0.16979551
     88 C0000088               1              0.83020449
     89 C0000089              -1                       0
     90 C0000090               1               0.2208283
     91 C0000091              -1                       0
     92 C0000092               1              0.46958498
     93 C0000093              -1                       0
     94 C0000094               1              0.35543601
     95 C0000095              -1                       1
     96 C0000096       1.0536837                       0
     97 C0000097              -1              0.47644496
     98 C0000098               1                       0
     99 C0000099              -1              0.12280914
    100 C0000100               1                       0
    101 C0000101              -1                       0
    102 C0000102               1              0.24752417
    103 C0000103              -1                       0
    104 C0000104               1              0.51657082
    105 C0000105           1e-06              -1063.7601
      0 X0000000               0              0.33699049
      1 X0000001               0              0.61820187
      2 X0000002               1                       0
      3 X0000003      0.35277415                       0
      4 X0000004               0              0.81260431
      5 X0000005               0              0.79080392
      6 X0000006             0.5                       0
      7 X0000007               0                       0
      8 X0000008               0              0.94084587
      9 X0000009               0              0.50669526
     10 X0000010               0              0.16794794
     11 X0000011             0.5                       0
     12 X0000012               0              0.86032179
     13 X0000013               0              0.94551898
     14 X0000014               0              0.27664566
     15 X0000015               0              0.96131346
     16 X0000016      0.21723998                       0
     17 X0000017               0              0.37677032
     18 X0000018               0              0.73158151
     19 X0000019               0              0.84316402
     20 X0000020               0              0.74236695
     21 X0000021               0              0.15889375
     22 X0000022     0.063955145                       0
     23 X0000023               0              0.93825811
     24 X0000024               0              0.86559906
     25 X0000025               0              0.67202239
     26 X0000026       0.1745719                       0
     27 X0000027               0              0.92722432
     28 X0000028               0              0.60662023
     29 X0000029               0              0.92801786
     30 X0000030               0              0.62838862
     31 X0000031               0              0.76707217
     32 X0000032               0              0.55234504
     33 X0000033               0               0.5146904
     34 X0000034               0              0.95536762
     35 X0000035               0              0.79166291
     36 X0000036               0                       0
     37 X0000037               0              0.85200188
     38 X0000038               0              0.77051183
     39 X0000039               0                       0
     40 X0000040               0               0.7791717
     41 X0000041               0              0.53041502
     42 X0000042               0              0.64456399
     43 X0000043     0.026841842                       0
     44 X0000044               0              0.52355504
     45 X0000045               0              0.87719086
     46 X0000046               0              0.75247583
     47 X0000047               0              0.48342918
     48 X0000048              19                       0
     49 X0000049               5                       0
     50 X0000050              26           -0.0012288595
     51 X0000051       17.586064                       0
     52 X0000052               1                       0
     53 X0000053               2                       0
     54 X0000054             2.5             0.015592237
     55 X0000055              18                       0
     56 X0000056               2                       0
     57 X0000057               2                       0
     58 X0000058               9                       0
     59 X0000059              15             0.027672867
     60 X0000060               1                       0
     61 X0000061               1                       0
     62 X0000062              12                       0
     63 X0000063              16                       0
     64 X0000064        26.77928                       0
     65 X0000065               1                       0
     66 X0000066               3                       0
     67 X0000067               2                       0
     68 X0000068              20                       0
     69 X0000069              12                       0
     70 X0000070       2.8081346                       0
     71 X0000071               3                       0
     72 X0000072               6                       0
     73 X0000073               1                       0
     74 X0000074       24.762843                       0
     75 X0000075               1                       0
     76 X0000076               8                       0
     77 X0000077               2                       0
     78 X0000078               1                       0
     79 X0000079               1                       0
     80 X0000080               1                       0
     81 X0000081               4                       0
     82 X0000082               1                       0
     83 X0000083               2                       0
     84 X0000084              22                       0
     85 X0000085               4                       0
     86 X0000086               2                       0
     87 X0000087              20                       0
     88 X0000088               1                       0
     89 X0000089               1                       0
     90 X0000090               1                       0
     91 X0000091       21.563679                       0
     92 X0000092              14                       0
     93 X0000093               1                       0
     94 X0000094               1                       0
     95 X0000095               4                       0
     96 X0000096           1e-06                       0
