Optimal - objective value 17.99999995
      0 C0000000             365               -11.80139
      1 C0000001              -1               14.228418
      2 C0000002               1               1.2842985
      3 C0000003              -1                       0
      4 C0000004               1             0.062575914
      5 C0000005     -0.99999842                       0
      6 C0000006               1               15.512716
      7 C0000007              -1                       0
      8 C0000008               1               9.7850597
      9 C0000009              -1               15.512716
     10 C0000010       1.7291676                       0
     11 C0000011              -1               14.819841
     12 C0000012               1              0.69287495
     13 C0000013              -1               6.9203418
     14 C0000014               1                       0
     15 C0000015              -1               9.6317774
     16 C0000016               1                       0
     17 C0000017              -1               5.0808834
     18 C0000018               1                       0
     19 C0000019     -0.99999978                       0
     20 C0000020               1               15.512716
     21 C0000021              -1               10.820527
     22 C0000022               1                       0
     23 C0000023              -1               7.8552454
     24 C0000024               1                       0
     25 C0000025  -1.6426495e-06                       0
     26 C0000026               1               15.512716
     27 C0000027     -0.35544447                       0
     28 C0000028               1               15.512716
     29 C0000029              -1               15.512716
     30 C0000030               3                       0
     31 C0000031              -1               6.7898852
     32 C0000032               1                       0
     33 C0000033              -1               15.040365
     34 C0000034               1              0.47235069
     35 C0000035              -1                       0
     36 C0000036               1               5.7101081
     37 C0000037              -1               11.454811
     38 C0000038               1                       0
     39 C0000039     -0.99999999                       0
     40 C0000040               1               15.512716
     41 C0000041              -1               6.4178199
     42 C0000042               1                       0
     43 C0000043              -1               6.7731082
     44 C0000044               1                       0
     45 C0000045              -1               12.721859
     46 C0000046               1                       0
     47 C0000047              -1               10.997161
     48 C0000048               1                       0
     49 C0000049              -1               15.512716
     50 C0000050       1.5572968                       0
     51 C0000051              -1                9.463331
     52 C0000052               1                       0
     53 C0000053              -1               15.161245
     54 C0000054               1                       0
     55 C0000055              -1                       0
     56 C0000056               1               1.5357493
     57 C0000057              -1               3.5472277
     58 C0000058               1                       0
     59 C0000059              -1               6.4548085
     60 C0000060               1                       0
     61 C0000061              -1               6.8285007
     62 C0000062               1                       0
     63 C0000063              -1               11.427703
     64 C0000064               1                       0
     65 C0000065              -1               7.2766194
     66 C0000066               1                       0
     67 C0000067              -1                       0
     68 C0000068               1               6.4859086
     69 C0000069              -1               9.4579757
     70 C0000070               1                       0
     71 C0000071              -1                 2.64189
     72 C0000072               1                       0
     73 C0000073              -1               6.1999237
     74 C0000074               1                       0
     75 C0000075              -1               5.2704115
     76 C0000076               1                       0
     77 C0000077              -1                       0
     78 C0000078               1               12.883705
     79 C0000079              -1               12.624044
     80 C0000080               1               2.8886716
     81 C0000081              -1               3.9564536
     82 C0000082               1                       0
     83 C0000083              -1               15.512716
     84 C0000084        2.069517                       0
     85 C0000085              -1               5.7528022
     86 C0000086               1                       0
     87 C0000087              -1               5.9035761
     88 C0000088               1                       0
     89 C0000089              -1               14.050411
     90 C0000090               1               1.4623049
     91 C0000091              -1               3.6159468
     92 C0000092               1                       0
     93 C0000093              -1                4.046379
     94 C0000094               1                       0
     95 C0000095              -1               7.6447469
     96 C0000096               1                       0
     97 C0000097        0.999998                       0
     98 C0000098              -1              -4084.7997
     99 C0000099        0.999998                       0
    100 C0000100              -1               -480.3847
    101 C0000101        0.999998                       0
    102 C0000102              -1              -61.939528
    103 C0000103           1e-06               -4627.124
    104 C0000104       3.0002685              -15.512716
    105 C0000105       11.999991                       0
    106 C0000106       11.999991              -1.4574781
    107 C0000107       19.999998                       0
    108 C0000108       19.999998             -0.45343694
    109 C0000109       4.0937514                       0
    110 C0000110       4.0937514            -0.045377728
    111 C0000111               1                       0
    112 C0000112               1                       0
    113 C0000113              19                       0
    114 C0000114              19                       0
    115 C0000115               4                       0
    116 C0000116               4                       0
    117 C0000117               3                       0
    118 C0000118               3                       0
    119 C0000119              20                       0
    120 C0000120              20                       0
    121 C0000121               1                       0
    122 C0000122               1                       0
    123 C0000123               1                       0
    124 C0000124               1                       0
      0 X0000000               0                       0
      1 X0000001               0                15.45014
      2 X0000002   7.8774837e-07                       0
      3 X0000003               0               5.7276564
      4 X0000004      0.36458381                       0
      5 X0000005               0                       0
      6 X0000006               0               8.5923742
      7 X0000007               0               5.8809386
      8 X0000008               0               10.431833
      9 X0000009    1.099155e-07                       0
     10 X0000010               0               4.6921886
     11 X0000011               0               7.6574707
     12 X0000012      0.49999918                       0
     13 X0000013      0.32227777                       0
     14 X0000014               1                       0
     15 X0000015               0               8.7228308
     16 X0000016               0                       0
     17 X0000017               0               9.8026079
     18 X0000018               0                4.057905
     19 X0000019   2.5210353e-09                       0
     20 X0000020               0               9.0948962
     21 X0000021               0               8.7396079
     22 X0000022               0               2.7908569
     23 X0000023               0               4.5155551
     24 X0000024      0.27864842                       0
     25 X0000025               0               6.0493851
     26 X0000026               0              0.35147114
     27 X0000027               0               13.976967
     28 X0000028               0               11.965488
     29 X0000029               0               9.0579076
     30 X0000030               0               8.6842153
     31 X0000031               0               4.0850126
     32 X0000032               0               8.2360966
     33 X0000033               0               9.0268075
     34 X0000034               0               6.0547403
     35 X0000035               0               12.870826
     36 X0000036               0               9.3127924
     37 X0000037               0               10.242305
     38 X0000038               0               2.6290112
     39 X0000039               0                       0
     40 X0000040               0               11.556262
     41 X0000041      0.53475848                       0
     42 X0000042               0               9.7599138
     43 X0000043               0               9.6091399
     44 X0000044               0                       0
     45 X0000045               0               11.896769
     46 X0000046               0               11.466337
     47 X0000047               0               7.8679692
     48 X0000048               3                       0
     49 X0000049              10                       0
     50 X0000050       11.999991                       0
     51 X0000051              20                       0
     52 X0000052       4.0937514                       0
     53 X0000053               4                       0
     54 X0000054              15                       0
     55 X0000055               2                       0
     56 X0000056               2                       0
     57 X0000057       19.999998                       0
     58 X0000058               1                       0
     59 X0000059               5                       0
     60 X0000060       9.0000148                       0
     61 X0000061       14.909889                       0
     62 X0000062               8             -0.77822473
     63 X0000063               1                       0
     64 X0000064               4                       0
     65 X0000065              12                       0
     66 X0000066               8                       0
     67 X0000067              18                       0
     68 X0000068               1                       0
     69 X0000069               2                       0
     70 X0000070               8                       0
     71 X0000071               3                       0
     72 X0000072       3.8359453                       0
     73 X0000073               4                       0
     74 X0000074               2                       0
     75 X0000075               5                       0
     76 X0000076              12                       0
     77 X0000077               1                       0
     78 X0000078              16                       0
     79 X0000079               5                       0
     80 X0000080               4                       0
     81 X0000081              16                       0
     82 X0000082              10                       0
     83 X0000083               1                       0
     84 X0000084               1                       0
     85 X0000085               1                       0
     86 X0000086              19                       0
     87 X0000087              22                       0
     88 X0000088               4                       0
     89 X0000089       29.160411                       0
     90 X0000090               1                       0
     91 X0000091               1                       0
     92 X0000092              13                       0
     93 X0000093               1                       0
     94 X0000094               4                       0
     95 X0000095               2                       0
     96 X0000096           1e-06                       0
