Optimal - objective value 19.99998753
      0 C0000000             365              -668.88265
      1 C0000001              -1                226.3944
      2 C0000002               1                       0
      3 C0000003              -1               222.46968
      4 C0000004               1                       0
      5 C0000005              -1               704.36749
      6 C0000006       1.8816962                       0
      7 C0000007              -1               540.56186
      8 C0000008               1                       0
      9 C0000009              -1               140.47444
     10 C0000010               1                       0
     11 C0000011              -1                 139.254
     12 C0000012               1                       0
     13 C0000013              -1                499.9436
     14 C0000014               1               204.42389
     15 C0000015              -1               704.36749
     16 C0000016       2.1229181                       0
     17 C0000017              -1               207.03699
     18 C0000018               1                       0
     19 C0000019              -1               144.62408
     20 C0000020               1                       0
     21 C0000021              -1                       0
     22 C0000022               1               27.095737
     23 C0000023    9.991741e-14                       0
     24 C0000024               1               704.36749
     25 C0000025              -1               122.08626
     26 C0000026               1                       0
     27 C0000027              -1               120.01897
     28 C0000028               1                       0
     29 C0000029              -1               372.14286
     30 C0000030               1                       0
     31 C0000031              -1               74.267506
     32 C0000032               1                       0
     33 C0000033              -1               470.53706
     34 C0000034               1                       0
     35 C0000035              -1               155.40373
     36 C0000036               1                       0
     37 C0000037              -1               361.39476
     38 C0000038               1                       0
     39 C0000039              -1               130.48674
     40 C0000040               1                       0
     41 C0000041              -1               443.03632
     42 C0000042               1               261.33117
     43 C0000043              -1               663.57141
     44 C0000044               1                       0
     45 C0000045              -1               438.97939
     46 C0000046               1                265.3881
     47 C0000047              -1               341.99396
     48 C0000048               1                       0
     49 C0000049              -1               158.78636
     50 C0000050               1                       0
     51 C0000051              -1               90.613075
     52 C0000052               1                       0
     53 C0000053     -0.78964002                       0
     54 C0000054               1               704.36749
     55 C0000055              -1               72.458686
     56 C0000056               1                       0
     57 C0000057              -1               60.212537
     58 C0000058               1                       0
     59 C0000059              -1               15.469732
     60 C0000060               1                       0
     61 C0000061              -1               68.216874
     62 C0000062               1                       0
     63 C0000063              -1                21.20501
     64 C0000064               1                       0
     65 C0000065              -1               76.819248
     66 C0000066               1                       0
     67 C0000067              -1                       0
     68 C0000068               1               48.223812
     69 C0000069              -1               120.11453
     70 C0000070               1                       0
     71 C0000071              -1               106.40292
     72 C0000072               1                       0
     73 C0000073              -1               704.36749
     74 C0000074       1.2107394                       0
     75 C0000075              -1               317.44746
     76 C0000076               1                       0
     77 C0000077              -1               57.437945
     78 C0000078               1                       0
     79 C0000079     -0.99999875                       0
     80 C0000080               1               704.36749
     81 C0000081              -1               33.229424
     82 C0000082               1                       0
     83 C0000083              -1               49.196045
     84 C0000084               1                       0
     85 C0000085              -1               155.93095
     86 C0000086               1                       0
     87 C0000087              -1               704.36749
     88 C0000088       1.0000001                       0
     89 C0000089     -0.99999854                       0
     90 C0000090               1               704.36749
     91 C0000091              -1               84.904233
     92 C0000092               1                       0
     93 C0000093              -1               35.387392
     94 C0000094               1                       0
     95 C0000095              -1               13.060053
     96 C0000096               1                       0
     97 C0000097        0.999998                       0
     98 C0000098              -1              -253642.66
     99 C0000099        0.999998                       0
    100 C0000100              -1              -5550.2774
    101 C0000101               1              -5968.3603
    102 C0000102       -1.000002                       0
    103 C0000103           1e-06               -265161.3
    104 C0000104       1.7128582              -704.36749
    105 C0000105        13.99999                       0
    106 C0000106        13.99999              -72.855843
    107 C0000107       28.106263                       0
    108 C0000108       28.106263              -12.465769
    109 C0000109               3                       0
    110 C0000110               3                       0
    111 C0000111               1                       0
    112 C0000112               1                       0
    113 C0000113               2                       0
    114 C0000114               2                       0
    115 C0000115               2                       0
    116 C0000116               2                       0
    117 C0000117              12                       0
    118 C0000118              12                       0
    119 C0000119               1                       0
    120 C0000120               1                       0
    121 C0000121               1                       0
    122 C0000122               1                       0
    123 C0000123               2                       0
    124 C0000124               2                       0
    125 C0000125               1                       0
    126 C0000126               1                       0
    127 C0000127               8                       0
    128 C0000128               8                       0
    129 C0000129       24.318134                       0
    130 C0000130       24.318134                       0
    131 C0000131              16                       0
    132 C0000132              16                       0
    133 C0000133               1                       0
    134 C0000134               1                       0
    135 C0000135               1                       0
    136 C0000136               1                       0
    137 C0000137               2                       0
    138 C0000138               2                       0
    139 C0000139               6                       0
    140 C0000140               6                       0
    141 C0000141               5                       0
    142 C0000142               5                       0
    143 C0000143               4                       0
    144 C0000144               4                       0
    145 C0000145              15               3.9862684
    146 C0000146              15                       0
    147 C0000147              13                       0
    148 C0000148              13                       0
    149 C0000149               2                       0
    150 C0000150               2                       0
    151 C0000151               1                       0
    152 C0000152               1                       0
    153 C0000153               1                       0
    154 C0000154               1                       0
    155 C0000155               3                       0
    156 C0000156               3                       0
    157 C0000157              19                       0
    158 C0000158              19                       0
    159 C0000159       18.731025                       0
    160 C0000160       18.731025                       0
    161 C0000161               1                       0
    162 C0000162               1                       0
    163 C0000163               1                       0
    164 C0000164               1                       0
    165 C0000165       21.000001                       0
    166 C0000166       21.000001                       0
    167 C0000167               5                       0
    168 C0000168               5                       0
    169 C0000169               1                       0
    170 C0000170               1                       0
    171 C0000171               2                       0
    172 C0000172               2                       0
    173 C0000173               4                       0
    174 C0000174               4                       0
      0 X0000000               0               477.97309
      1 X0000001               0               481.89781
      2 X0000002       0.4408481                       0
      3 X0000003               0               163.80563
      4 X0000004               0               563.89305
      5 X0000005               0               565.11349
      6 X0000006               0                       0
      7 X0000007      0.56145904                       0
      8 X0000008               0                497.3305
      9 X0000009               0               559.74341
     10 X0000010               0               677.27175
     11 X0000011             0.5                       0
     12 X0000012               0               582.28123
     13 X0000013               0               584.34852
     14 X0000014               0               332.22463
     15 X0000015               0               630.09998
     16 X0000016               0               233.83043
     17 X0000017               0               548.96376
     18 X0000018               0               342.97273
     19 X0000019               0               573.88075
     20 X0000020               0                       0
     21 X0000021               0               40.796085
     22 X0000022               0                       0
     23 X0000023               0               362.37353
     24 X0000024               0               545.58113
     25 X0000025               0               613.75442
     26 X0000026      0.10517999                       0
     27 X0000027               0                631.9088
     28 X0000028               0               644.15495
     29 X0000029               0               688.89776
     30 X0000030               0               636.15062
     31 X0000031               0               683.16248
     32 X0000032               0               627.54824
     33 X0000033               0               656.14368
     34 X0000034               0               584.25296
     35 X0000035               0               597.96457
     36 X0000036      0.10536971                       0
     37 X0000037               0               386.92003
     38 X0000038               0               646.92954
     39 X0000039   6.2329126e-07                       0
     40 X0000040               0               671.13807
     41 X0000041               0               655.17145
     42 X0000042               0               548.43654
     43 X0000043    4.151987e-08                       0
     44 X0000044   7.3176502e-07                       0
     45 X0000045               0               619.46326
     46 X0000046               0                668.9801
     47 X0000047               0               691.30744
     48 X0000048              19                       0
     49 X0000049               5                       0
     50 X0000050       18.731025                       0
     51 X0000051              13                       0
     52 X0000052               1                       0
     53 X0000053               2                       0
     54 X0000054               5                       0
     55 X0000055       28.106263                       0
     56 X0000056               2                       0
     57 X0000057               2                       0
     58 X0000058               9                       0
     59 X0000059              15                       0
     60 X0000060               1                       0
     61 X0000061               1                       0
     62 X0000062              12                       0
     63 X0000063              16                       0
     64 X0000064              22                       0
     65 X0000065               1                       0
     66 X0000066               3                       0
     67 X0000067               2                       0
     68 X0000068              20                       0
     69 X0000069              12                       0
     70 X0000070               3                       0
     71 X0000071               3                       0
     72 X0000072               6                       0
     73 X0000073               1                       0
     74 X0000074         26.8446                       0
     75 X0000075               1                       0
     76 X0000076               8                       0
     77 X0000077               2                       0
     78 X0000078               1                       0
     79 X0000079               1                       0
     80 X0000080               1                       0
     81 X0000081               4                       0
     82 X0000082               1                       0
     83 X0000083               2                       0
     84 X0000084       24.318134                       0
     85 X0000085               4                       0
     86 X0000086               2                       0
     87 X0000087       19.999988                       0
     88 X0000088               1                       0
     89 X0000089               1                       0
     90 X0000090               1                       0
     91 X0000091       21.000001                       0
     92 X0000092        13.99999                       0
     93 X0000093               1                       0
     94 X0000094               1                       0
     95 X0000095               4                       0
     96 X0000096           1e-06                       0
