Optimal - objective value 33.99999983
      0 C0000000             365               10.141453
      1 C0000001              -1               1.7875529
      2 C0000002               1                       0
      3 C0000003     -0.99999999                       0
      4 C0000004               1               18.715014
      5 C0000005              -1               18.705282
      6 C0000006               1            0.0097311229
      7 C0000007              -1               18.715014
      8 C0000008       2.2649604                       0
      9 C0000009              -1               10.511298
     10 C0000010               1                       0
     11 C0000011              -1               17.839606
     12 C0000012               1                       0
     13 C0000013              -1               18.715014
     14 C0000014       2.2601197                       0
     15 C0000015     -0.99999762                       0
     16 C0000016               1               18.715014
     17 C0000017               0                       0
     18 C0000018               1               18.715014
     19 C0000019              -1               18.715014
     20 C0000020               3                       0
     21 C0000021     -0.99999999                       0
     22 C0000022               1               18.715014
     23 C0000023              -1               14.858781
     24 C0000024               1                       0
     25 C0000025              -1               12.137329
     26 C0000026               1                       0
     27 C0000027              -1                15.52996
     28 C0000028               1                       0
     29 C0000029              -1               18.715014
     30 C0000030               1                       0
     31 C0000031              -1               7.9659415
     32 C0000032               1                       0
     33 C0000033              -1               8.8361651
     34 C0000034               1                       0
     35 C0000035              -1               14.664039
     36 C0000036               1                       0
     37 C0000037      -0.4768513                       0
     38 C0000038               1               18.715014
     39 C0000039              -1               12.464175
     40 C0000040               1                       0
     41 C0000041              -1               6.5657549
     42 C0000042               1                       0
     43 C0000043              -1               2.4028642
     44 C0000044               1                       0
     45 C0000045              -1                       0
     46 C0000046               1                6.446546
     47 C0000047              -1               18.715014
     48 C0000048       1.4028787                       0
     49 C0000049               1              -3783.7315
     50 C0000050       -1.000002                       0
     51 C0000051        0.999998                       0
     52 C0000052              -1              -381.76916
     53 C0000053      0.99999999                       0
     54 C0000054       -1.000002                       0
     55 C0000055           1e-06              -4165.5007
     56 C0000056        3.225555              -18.715014
     57 C0000057       21.999974                       0
     58 C0000058       21.999974             -0.68575365
     59 C0000059               1                       0
     60 C0000060               1                       0
     61 C0000061              16                       0
     62 C0000062              16                       0
     63 C0000063               4                       0
     64 C0000064               4                       0
     65 C0000065              35                       0
     66 C0000066              35             -0.90686285
     67 C0000067               2                       0
     68 C0000068               2                       0
     69 C0000069               4                       0
     70 C0000070               4                       0
     71 C0000071               1                       0
     72 C0000072               1                       0
     73 C0000073              14                       0
     74 C0000074              14                       0
     75 C0000075       30.971137                       0
     76 C0000076       30.971137             -0.33877962
     77 C0000077        18.02159                       0
     78 C0000078        18.02159             -0.16888924
     79 C0000079               3                       0
     80 C0000080               3                       0
     81 C0000081              12                       0
     82 C0000082              12                       0
     83 C0000083              22                       0
     84 C0000084              22                       0
     85 C0000085              18                       0
     86 C0000086              18                       0
      0 X0000000               0               16.927461
      1 X0000001   4.9673341e-09                       0
      2 X0000002               0                       0
      3 X0000003      0.63248021                       0
      4 X0000004               0               8.2037152
      5 X0000005               0              0.87540707
      6 X0000006      0.63005985                       0
      7 X0000007    1.192019e-06                       0
      8 X0000008             0.5                       0
      9 X0000009               1                       0
     10 X0000010   6.1796644e-09                       0
     11 X0000011               0               3.8562324
     12 X0000012               0               6.5776849
     13 X0000013               0               3.1850533
     14 X0000014   5.2077319e-09                       0
     15 X0000015               0               10.749072
     16 X0000016               0               9.8788484
     17 X0000017               0               4.0509742
     18 X0000018      0.26157435                       0
     19 X0000019               0                6.250839
     20 X0000020               0               12.149259
     21 X0000021               0               16.312149
     22 X0000022               0               12.268468
     23 X0000023      0.20143936                       0
     24 X0000024              18                       0
     25 X0000025              34                       0
     26 X0000026              15                       0
     27 X0000027       8.1624011                       0
     28 X0000028               2                       0
     29 X0000029               3                       0
     30 X0000030       30.971137                       0
     31 X0000031       21.999974                       0
     32 X0000032              16              0.14731489
     33 X0000033              14             -0.67708872
     34 X0000034              35                       0
     35 X0000035               4                       0
     36 X0000036              12                       0
     37 X0000037               5                       0
     38 X0000038              33                       0
     39 X0000039               3                       0
     40 X0000040               1                       0
     41 X0000041               4                       0
     42 X0000042       25.844898                       0
     43 X0000043               3                       0
     44 X0000044               1                       0
     45 X0000045              35                       0
     46 X0000046              22                       0
     47 X0000047        18.02159                       0
     48 X0000048           1e-06                       0
