Optimal - objective value 49.99999938
      0 C0000000             365              -277.53156
      1 C0000001              -1               131.02092
      2 C0000002       1.7463411                       0
      3 C0000003     -0.75040847                       0
      4 C0000004               1               131.02092
      5 C0000005              -1                       0
      6 C0000006               1               1.1091101
      7 C0000007              -1               88.108263
      8 C0000008               1                       0
      9 C0000009      -0.9999966                       0
     10 C0000010               1               131.02092
     11 C0000011              -1               44.763059
     12 C0000012               1               86.257864
     13 C0000013     -0.99999998                       0
     14 C0000014               1               131.02092
     15 C0000015              -1               131.02092
     16 C0000016       2.6795247                       0
     17 C0000017     -0.98635896                       0
     18 C0000018               1               131.02092
     19 C0000019              -1               131.02092
     20 C0000020               3                       0
     21 C0000021              -1               105.48014
     22 C0000022               1               25.540786
     23 C0000023  -1.0993615e-13                       0
     24 C0000024               1               131.02092
     25 C0000025        0.999998                       0
     26 C0000026              -1              -100472.36
     27 C0000027        0.999998                       0
     28 C0000028              -1              -1349.9178
     29 C0000029      0.99999801                       0
     30 C0000030              -1                       0
     31 C0000031           1e-06              -101822.28
     32 C0000032       2.8445509              -131.02092
     33 C0000033       10.999981                       0
     34 C0000034       10.999981              -10.550686
     35 C0000035            11.5                       0
     36 C0000036            11.5                       0
     37 C0000037       47.261029                       0
     38 C0000038       47.261029             -0.61872847
     39 C0000039       71.508923                       0
     40 C0000040       71.508923                       0
     41 C0000041       5.4926823                       0
     42 C0000042       5.4926823                       0
     43 C0000043              16                       0
     44 C0000044              16                       0
     45 C0000045              16                       0
     46 C0000046              16                       0
     47 C0000047       20.237386                       0
     48 C0000048       20.237386                       0
     49 C0000049               7                       0
     50 C0000050               7                       0
      0 X0000000      0.37317057                       0
      1 X0000001      0.12479577                       0
      2 X0000002               0               129.91181
      3 X0000003               0               42.912661
      4 X0000004   1.7017918e-06                       0
      5 X0000005               0                       0
      6 X0000006   1.2374521e-08                       0
      7 X0000007      0.83976234                       0
      8 X0000008    0.0068205186                       0
      9 X0000009               1                       0
     10 X0000010               0                       0
     11 X0000011             0.5                       0
     12 X0000012       5.4926823                       0
     13 X0000013       47.261029                       0
     14 X0000014              46                       0
     15 X0000015               7                       0
     16 X0000016       10.999981                       0
     17 X0000017              63                       0
     18 X0000018       49.999999                       0
     19 X0000019       20.237386                       0
     20 X0000020       71.508923                       0
     21 X0000021              16              -9.6416706
     22 X0000022              16                       0
     23 X0000023            11.5               5.4353086
     24 X0000024           1e-06                       0
