Optimal - objective value 35.99998255
      0 C0000000             365               461.63944
      1 C0000001     -0.69718684                       0
      2 C0000002               1               129.88969
      3 C0000003              -1                117.3275
      4 C0000004               1                       0
      5 C0000005              -1               129.88969
      6 C0000006       1.6135957                       0
      7 C0000007              -1               129.88969
      8 C0000008       2.9999995                       0
      9 C0000009  -2.2421844e-07                       0
     10 C0000010               1               129.88969
     11 C0000011   -0.0024318112                       0
     12 C0000012               1               129.88969
     13 C0000013  -5.0154144e-14                       0
     14 C0000014               1               129.88969
     15 C0000015              -1               129.88969
     16 C0000016       2.9999981                       0
     17 C0000017              -1                       0
     18 C0000018               1                105.7092
     19 C0000019               0                       0
     20 C0000020               1               129.88969
     21 C0000021              -1                 29.6408
     22 C0000022               1                       0
     23 C0000023              -1               129.88969
     24 C0000024       1.0298518                       0
     25 C0000025               1              -170597.74
     26 C0000026       -1.001098                       0
     27 C0000027      0.99890196                       0
     28 C0000028              -1              -1459.1632
     29 C0000029      0.99890196                       0
     30 C0000030              -1              -1606.5159
     31 C0000031   0.00054902028              -173663.42
     32 C0000032       4.4719131              -129.88969
     33 C0000033       19.999998                       0
     34 C0000034       19.999998              -21.518513
     35 C0000035            10.5                       0
     36 C0000036            10.5                       0
     37 C0000037       3.0072954                       0
     38 C0000038       3.0072954              -17.449273
      0 X0000000      0.15140658                       0
      1 X0000001               0                12.56219
      2 X0000002      0.30679783                       0
      3 X0000003      0.99999977                       0
      4 X0000004      0.49999989                       0
      5 X0000005      0.49878409                       0
      6 X0000006             0.5                       0
      7 X0000007      0.99999903                       0
      8 X0000008               0               24.180484
      9 X0000009             0.5                       0
     10 X0000010               0               100.24889
     11 X0000011     0.014925904                       0
     12 X0000012       46.672638                       0
     13 X0000013              65                       0
     14 X0000014       10.454383                       0
     15 X0000015       19.999998                       0
     16 X0000016       5.5000012                       0
     17 X0000017       3.0072954                       0
     18 X0000018            10.5               13.024993
     19 X0000019       35.999983                       0
     20 X0000020              81                       0
     21 X0000021               4               0.8287746
     22 X0000022              24                       0
     23 X0000023       58.865702                       0
     24 X0000024   0.00054902028                       0
