Optimal - objective value 0.08296942
      0 C0000000               1              -57.667898
      1 C0000001       -1.000002                       0
      2 C0000002        0.999998                       0
      3 C0000003              -1              -1.5141063
      4 C0000004               1             -0.34794412
      5 C0000005       -1.000002                       0
      6 C0000006        0.999998                       0
      7 C0000007              -1              -4.5730675
      8 C0000008             365              0.14219946
      9 C0000009     -0.83406117                       0
     10 C0000010               1              0.01391785
     11 C0000011              -1             0.082103997
     12 C0000012       1.1659388                       0
     13 C0000013     -0.83406117                       0
     14 C0000014               1             0.029740371
     15 C0000015     -0.83406117                       0
     16 C0000016               1             0.021088913
     17 C0000017     -0.96326321                       0
     18 C0000018        1.129202                       0
     19 C0000019              -1              0.00752984
     20 C0000020       1.1659388                       0
     21 C0000021     -0.83406117                       0
     22 C0000022               1            0.0020831288
     23 C0000023     -0.83406117                       0
     24 C0000024               1            0.0057885874
     25 C0000025     -0.83406117                       0
     26 C0000026               1             0.024576017
     27 C0000027              -1            0.0015670791
     28 C0000028       1.1659388                       0
     29 C0000029              -1             0.046483773
     30 C0000030       1.1659388                       0
     31 C0000031              -1             0.016481658
     32 C0000032       1.1659388                       0
     33 C0000033              -1              0.01998153
     34 C0000034       1.1659388                       0
     35 C0000035     -0.83406117                       0
     36 C0000036               1             0.034501961
     37 C0000037              -1             0.016066159
     38 C0000038       1.1659388                       0
     39 C0000039     -0.83406117                       0
     40 C0000040               1              0.13400758
     41 C0000041     -0.89077442                       0
     42 C0000042       1.0567133                       0
     43 C0000043     -0.83406117                       0
     44 C0000044               1              0.02070985
     45 C0000045     -0.83406117                       0
     46 C0000046               1             0.020800324
     47 C0000047              -1             0.029239875
     48 C0000048       1.1659388                       0
     49 C0000049              -1             0.016500798
     50 C0000050       1.1659388                       0
     51 C0000051     -0.83406117                       0
     52 C0000052               1             0.005077628
     53 C0000053     -0.83406117                       0
     54 C0000054               1            0.0068326679
     55 C0000055     -0.83406117                       0
     56 C0000056               1             0.005130612
     57 C0000057              -1             0.017636825
     58 C0000058       1.1659388                       0
     59 C0000059     -0.83406117                       0
     60 C0000060               1           0.00036463862
     61 C0000061     -0.90099498                       0
     62 C0000062       1.0669338                       0
     63 C0000063              -1             0.013088688
     64 C0000064       1.1659388                       0
     65 C0000065     -0.83406117                       0
     66 C0000066               1             0.015039689
     67 C0000067              -1             0.026028247
     68 C0000068       1.1659388                       0
     69 C0000069     -0.83406117                       0
     70 C0000070               1              0.02340859
     71 C0000071              -1             0.035856548
     72 C0000072       1.1659388                       0
     73 C0000073              -1            0.0055574168
     74 C0000074       1.1659388                       0
     75 C0000075              -1             0.056010325
     76 C0000076       1.1659388                       0
     77 C0000077     -0.92532793                       0
     78 C0000078       1.0912668                       0
     79 C0000079              -1             0.014363287
     80 C0000080       1.1659388                       0
     81 C0000081              -1            0.0019198596
     82 C0000082       1.1659388                       0
     83 C0000083              -1            0.0057967609
     84 C0000084       1.1659388                       0
     85 C0000085              -1           0.00058593011
     86 C0000086       1.1659388                       0
     87 C0000087     -0.83406117                       0
     88 C0000088               1             0.026128407
     89 C0000089     -0.83406117                       0
     90 C0000090               1             0.036716872
     91 C0000091     -0.83406117                       0
     92 C0000092               1             0.017406037
     93 C0000093              -1             0.022591031
     94 C0000094       1.1659388                       0
     95 C0000095              -1           0.00051146781
     96 C0000096       1.1659388                       0
     97 C0000097     -0.83406117                       0
     98 C0000098               1             0.066354938
     99 C0000099     -0.83406117                       0
    100 C0000100               1            0.0080990928
    101 C0000101              -1            0.0096484775
    102 C0000102       1.1659388                       0
    103 C0000103     -0.83406117                       0
    104 C0000104               1             0.036676671
    105 C0000105           1e-06              -64.103016
      0 X0000000       5.5021835                       0
      1 X0000001       20.576419                       0
      2 X0000002       6.4192141                       0
      3 X0000003       3.6681223                       0
      4 X0000004       4.1849305                       0
      5 X0000005       3.2489082                       0
      6 X0000006      0.91703058                       0
      7 X0000007       2.7510918                       0
      8 X0000008       1.8340612                       0
      9 X0000009       3.2489082                       0
     10 X0000010       16.244541                       0
     11 X0000011       4.3318777                       0
     12 X0000012       1.0829694                       0
     13 X0000013       7.3362447                       0
     14 X0000014       4.3318777                       0
     15 X0000015       22.008734                       0
     16 X0000016       17.527389                       0
     17 X0000017       4.5851529                       0
     18 X0000018       14.672489                       0
     19 X0000019       9.7467247                       0
     20 X0000020       2.1659388                       0
     21 X0000021      0.91703058                       0
     22 X0000022       1.8340612                       0
     23 X0000023       5.5021835                       0
     24 X0000024       24.908297                       0
     25 X0000025      0.91703058                       0
     26 X0000026        9.839644                       0
     27 X0000027       1.0829694                       0
     28 X0000028       12.838428                       0
     29 X0000029       4.3318777                       0
     30 X0000030       2.7510918                       0
     31 X0000031       14.078602                       0
     32 X0000032       1.0829694                       0
     33 X0000033       24.908297                       0
     34 X0000034       4.0331894                       0
     35 X0000035       4.3318777                       0
     36 X0000036       6.4978165                       0
     37 X0000037       1.0829694                       0
     38 X0000038       21.659388                       0
     39 X0000039       3.6681223                       0
     40 X0000040       17.423581                       0
     41 X0000041       8.2532753                       0
     42 X0000042       8.6637553                       0
     43 X0000043       2.1659388                       0
     44 X0000044       17.423581                       0
     45 X0000045       2.7510918                       0
     46 X0000046       1.0829694                       0
     47 X0000047       4.5851529                       0
     48 X0000048     0.082969415                       0
     49 X0000049           1e-06                       0
