Optimal - objective value 21.00000065
      0 C0000000             365              -432.21649
      1 C0000001              -1               156.38351
      2 C0000002               1                       0
      3 C0000003              -1               132.15975
      4 C0000004               1                       0
      5 C0000005              -1               436.29544
      6 C0000006       1.8816961                       0
      7 C0000007              -1               339.54771
      8 C0000008               1                       0
      9 C0000009              -1               83.129485
     10 C0000010               1                       0
     11 C0000011              -1               80.581351
     12 C0000012               1                       0
     13 C0000013              -1               300.78483
     14 C0000014               1                135.5106
     15 C0000015              -1               436.29544
     16 C0000016       2.1229181                       0
     17 C0000017              -1               127.19183
     18 C0000018               1                       0
     19 C0000019              -1               83.017496
     20 C0000020               1                       0
     21 C0000021              -1                       0
     22 C0000022               1               35.413215
     23 C0000023   9.9805895e-14                       0
     24 C0000024               1               436.29544
     25 C0000025              -1               72.505167
     26 C0000026               1                       0
     27 C0000027              -1               71.827159
     28 C0000028               1                       0
     29 C0000029              -1               230.31333
     30 C0000030               1                       0
     31 C0000031              -1                57.60646
     32 C0000032               1                       0
     33 C0000033              -1               318.27092
     34 C0000034               1                       0
     35 C0000035              -1               88.401843
     36 C0000036               1                       0
     37 C0000037              -1               218.23202
     38 C0000038               1                       0
     39 C0000039              -1               76.919916
     40 C0000040               1                       0
     41 C0000041              -1               122.92305
     42 C0000042               1                       0
     43 C0000043              -1               436.29544
     44 C0000044       1.0000001                       0
     45 C0000045              -1               93.219429
     46 C0000046               1                       0
     47 C0000047              -1               206.37319
     48 C0000048               1                       0
     49 C0000049              -1               93.168071
     50 C0000050               1                       0
     51 C0000051              -1               51.044756
     52 C0000052               1                       0
     53 C0000053     -0.78963985                       0
     54 C0000054               1               436.29544
     55 C0000055              -1               43.063639
     56 C0000056               1                       0
     57 C0000057              -1                29.12789
     58 C0000058               1                       0
     59 C0000059              -1               8.0115113
     60 C0000060               1                       0
     61 C0000061              -1               38.284994
     62 C0000062               1                       0
     63 C0000063              -1               10.293727
     64 C0000064               1                       0
     65 C0000065              -1                41.97539
     66 C0000066               1                       0
     67 C0000067              -1                       0
     68 C0000068               1               39.714861
     69 C0000069              -1               72.072845
     70 C0000070               1                       0
     71 C0000071              -1               60.071606
     72 C0000072               1                       0
     73 C0000073              -1               436.29544
     74 C0000074       1.2107395                       0
     75 C0000075              -1                196.1828
     76 C0000076               1                       0
     77 C0000077              -1               30.345296
     78 C0000078               1                       0
     79 C0000079     -0.99999896                       0
     80 C0000080               1               436.29544
     81 C0000081              -1               17.280285
     82 C0000082               1                       0
     83 C0000083              -1               24.223553
     84 C0000084               1                       0
     85 C0000085              -1               91.160691
     86 C0000086               1                       0
     87 C0000087              -1               436.29544
     88 C0000088       1.0000001                       0
     89 C0000089     -0.99999854                       0
     90 C0000090               1               436.29544
     91 C0000091              -1               51.985038
     92 C0000092               1                       0
     93 C0000093              -1               18.082958
     94 C0000094               1                       0
     95 C0000095              -1                       0
     96 C0000096               1               1.4669656
     97 C0000097        0.999998                       0
     98 C0000098              -1               -164299.2
     99 C0000099        0.999998                       0
    100 C0000100              -1              -3035.8918
    101 C0000101               1              -3968.0979
    102 C0000102       -1.000002                       0
    103 C0000103           1e-06              -171303.19
    104 C0000104       1.7128582              -436.29544
    105 C0000105        13.99999                       0
    106 C0000106        13.99999              -46.658445
    107 C0000107       28.106263                       0
    108 C0000108       28.106263              -9.4371586
    109 C0000109               3                       0
    110 C0000110               3                       0
    111 C0000111               1                       0
    112 C0000112               1                       0
    113 C0000113               2                       0
    114 C0000114               2                       0
    115 C0000115               2                       0
    116 C0000116               2                       0
    117 C0000117              12                       0
    118 C0000118              12                       0
    119 C0000119               1                       0
    120 C0000120               1                       0
    121 C0000121               1                       0
    122 C0000122               1                       0
    123 C0000123               2                       0
    124 C0000124               2                       0
    125 C0000125               1                       0
    126 C0000126               1                       0
    127 C0000127               8                       0
    128 C0000128               8                       0
    129 C0000129       24.318135                       0
    130 C0000130       24.318135             -0.22274264
    131 C0000131              16                       0
    132 C0000132              16                       0
    133 C0000133               1                       0
    134 C0000134               1                       0
    135 C0000135               1                       0
    136 C0000136               1                       0
    137 C0000137               2                       0
    138 C0000138               2                       0
    139 C0000139               6                       0
    140 C0000140               6                       0
    141 C0000141               5                       0
    142 C0000142               5                       0
    143 C0000143               4                       0
    144 C0000144               4                       0
    145 C0000145              15                       0
    146 C0000146              15                       0
    147 C0000147              13                       0
    148 C0000148              13                       0
    149 C0000149               2                       0
    150 C0000150               2                       0
    151 C0000151               1                       0
    152 C0000152               1                       0
    153 C0000153               1                       0
    154 C0000154               1                       0
    155 C0000155               3                       0
    156 C0000156               3                       0
    157 C0000157              19                       0
    158 C0000158              19                       0
    159 C0000159       18.731024                       0
    160 C0000160       18.731024                       0
    161 C0000161               1                       0
    162 C0000162               1                       0
    163 C0000163               1                       0
    164 C0000164               1                       0
      0 X0000000               0               279.91193
      1 X0000001               0               304.13568
      2 X0000002      0.44084803                       0
      3 X0000003               0                96.74773
      4 X0000004               0               353.16595
      5 X0000005               0               355.71409
      6 X0000006               0                       0
      7 X0000007      0.56145904                       0
      8 X0000008               0               309.10361
      9 X0000009               0               353.27794
     10 X0000010               0               400.88222
     11 X0000011             0.5                       0
     12 X0000012               0               363.79027
     13 X0000013               0               364.46828
     14 X0000014               0               205.98211
     15 X0000015               0               378.68898
     16 X0000016               0               118.02451
     17 X0000017               0               347.89359
     18 X0000018               0               218.06342
     19 X0000019               0               359.37552
     20 X0000020               0               313.37238
     21 X0000021   5.0063114e-08                       0
     22 X0000022               0               343.07601
     23 X0000023               0               229.92225
     24 X0000024               0               343.12737
     25 X0000025               0               385.25068
     26 X0000026      0.10518008                       0
     27 X0000027               0                393.2318
     28 X0000028               0               407.16755
     29 X0000029               0               428.28393
     30 X0000030               0               398.01044
     31 X0000031               0               426.00171
     32 X0000032               0               394.32005
     33 X0000033               0               396.58058
     34 X0000034               0               364.22259
     35 X0000035               0               376.22383
     36 X0000036      0.10536976                       0
     37 X0000037               0               240.11264
     38 X0000038               0               405.95014
     39 X0000039    5.211717e-07                       0
     40 X0000040               0               419.01515
     41 X0000041               0               412.07188
     42 X0000042               0               345.13475
     43 X0000043   3.0912701e-08                       0
     44 X0000044   7.3176502e-07                       0
     45 X0000045               0                384.3104
     46 X0000046               0               418.21248
     47 X0000047               0               434.82847
     48 X0000048              19                       0
     49 X0000049               5                       0
     50 X0000050       18.731024                       0
     51 X0000051              13                       0
     52 X0000052               1                       0
     53 X0000053               2                       0
     54 X0000054               5                       0
     55 X0000055       28.106263                       0
     56 X0000056               2                       0
     57 X0000057               2                       0
     58 X0000058               9                       0
     59 X0000059              15               2.9558379
     60 X0000060               1                       0
     61 X0000061               1                       0
     62 X0000062              12                       0
     63 X0000063              16                       0
     64 X0000064              22                       0
     65 X0000065               1                       0
     66 X0000066               3                       0
     67 X0000067               2                       0
     68 X0000068              20                       0
     69 X0000069       12.000001                       0
     70 X0000070               3                       0
     71 X0000071               3                       0
     72 X0000072               6                       0
     73 X0000073               1                       0
     74 X0000074       26.844598                       0
     75 X0000075               1                       0
     76 X0000076               8                       0
     77 X0000077               2                       0
     78 X0000078               1                       0
     79 X0000079               1                       0
     80 X0000080               1                       0
     81 X0000081               4                       0
     82 X0000082               1                       0
     83 X0000083               2                       0
     84 X0000084       24.318135                       0
     85 X0000085               4                       0
     86 X0000086               2                       0
     87 X0000087        19.99999                       0
     88 X0000088               1                       0
     89 X0000089               1                       0
     90 X0000090               1                       0
     91 X0000091       21.000001                       0
     92 X0000092        13.99999                       0
     93 X0000093               1                       0
     94 X0000094               1                       0
     95 X0000095               4                       0
     96 X0000096           1e-06                       0
