Optimal - objective value 1.00000000
      0 C0000000             365             -0.53812592
      1 C0000001              -1              0.59023268
      2 C0000002               1                       0
      3 C0000003              -1                       0
      4 C0000004               1            0.0028533691
      5 C0000005     -0.99999842                       0
      6 C0000006               1              0.70735691
      7 C0000007              -1                       0
      8 C0000008               1              0.44618425
      9 C0000009              -1              0.70735691
     10 C0000010       1.7291676                       0
     11 C0000011              -1              0.64416876
     12 C0000012               1                       0
     13 C0000013              -1              0.31555735
     14 C0000014               1                       0
     15 C0000015              -1               0.4391948
     16 C0000016               1                       0
     17 C0000017              -1              0.23168077
     18 C0000018               1                       0
     19 C0000019     -0.99999978                       0
     20 C0000020               1              0.70735691
     21 C0000021              -1              0.49340004
     22 C0000022               1                       0
     23 C0000023              -1              0.35818757
     24 C0000024               1                       0
     25 C0000025  -1.6491711e-06                       0
     26 C0000026               1              0.70735691
     27 C0000027     -0.35544446                       0
     28 C0000028               1              0.70735691
     29 C0000029              -1              0.70735691
     30 C0000030               3                       0
     31 C0000031              -1              0.30960872
     32 C0000032               1                       0
     33 C0000033              -1              0.66427992
     34 C0000034               1                       0
     35 C0000035              -1                       0
     36 C0000036               1              0.26037249
     37 C0000037              -1              0.61483967
     38 C0000038               1             0.092517232
     39 C0000039              -1              0.41038669
     40 C0000040               1              0.29697022
     41 C0000041              -1                       0
     42 C0000042               1              0.70735691
     43 C0000043              -1              0.30884371
     44 C0000044               1                       0
     45 C0000045              -1              0.58009796
     46 C0000046               1                       0
     47 C0000047              -1              0.50145427
     48 C0000048               1                       0
     49 C0000049              -1              0.70735691
     50 C0000050       1.5572968                       0
     51 C0000051              -1               0.4315139
     52 C0000052               1                       0
     53 C0000053              -1              0.69133034
     54 C0000054               1                       0
     55 C0000055              -1                       0
     56 C0000056               1             0.070027898
     57 C0000057              -1              0.16174834
     58 C0000058               1                       0
     59 C0000059              -1              0.29432972
     60 C0000060               1                       0
     61 C0000061              -1              0.31136953
     62 C0000062               1                       0
     63 C0000063              -1              0.52108638
     64 C0000064               1                       0
     65 C0000065              -1              0.33180308
     66 C0000066               1                       0
     67 C0000067              -1              0.20580453
     68 C0000068               1              0.50155237
     69 C0000069              -1               0.4312697
     70 C0000070               1                       0
     71 C0000071              -1              0.12046628
     72 C0000072               1                       0
     73 C0000073              -1              0.28270735
     74 C0000074               1                       0
     75 C0000075              -1              0.24032297
     76 C0000076               1                       0
     77 C0000077              -1                       0
     78 C0000078               1              0.58747788
     79 C0000079              -1              0.57563775
     80 C0000080               1              0.13171915
     81 C0000081              -1              0.18040843
     82 C0000082               1                       0
     83 C0000083              -1              0.70735691
     84 C0000084        2.069517                       0
     85 C0000085              -1              0.26231927
     86 C0000086               1                       0
     87 C0000087              -1              0.26919434
     88 C0000088               1                       0
     89 C0000089              -1              0.57399903
     90 C0000090               1                       0
     91 C0000091              -1              0.16488183
     92 C0000092               1                       0
     93 C0000093              -1               0.1845089
     94 C0000094               1                       0
     95 C0000095              -1              0.34858915
     96 C0000096               1                       0
     97 C0000097        0.999998                       0
     98 C0000098              -1              -186.26083
     99 C0000099        0.999998                       0
    100 C0000100              -1              -21.904832
    101 C0000101        0.999998                       0
    102 C0000102              -1              -2.8243509
    103 C0000103           1e-06              -210.99001
    104 C0000104       3.0002685             -0.70735691
    105 C0000105       11.999991                       0
    106 C0000106       11.999991            -0.066458845
    107 C0000107       19.999998                       0
    108 C0000108       19.999998            -0.020676054
    109 C0000109       4.0937514                       0
    110 C0000110       4.0937514           -0.0020691573
    111 C0000111               1                       0
    112 C0000112               1                       0
    113 C0000113              19                       0
    114 C0000114              19                       0
    115 C0000115               4                       0
    116 C0000116               4                       0
    117 C0000117               3                       0
    118 C0000118               3                       0
    119 C0000119              20                       0
    120 C0000120              20                       0
    121 C0000121               1                       0
    122 C0000122               1                       0
    123 C0000123               1                       0
    124 C0000124               1                       0
    125 C0000125              18                       0
    126 C0000126              18                       0
    127 C0000127               1                       0
    128 C0000128               1                       0
    129 C0000129               2                       0
    130 C0000130               2                       0
    131 C0000131               8                       0
    132 C0000132               8                       0
    133 C0000133               3                       0
    134 C0000134               3                       0
    135 C0000135               8                       0
    136 C0000136               8                       0
    137 C0000137               8                       0
    138 C0000138               8                       0
    139 C0000139               4                       0
    140 C0000140               4                       0
    141 C0000141               1                       0
    142 C0000142               1                       0
    143 C0000143       3.8359453                       0
    144 C0000144       3.8359453                       0
    145 C0000145               1                       0
    146 C0000146               1                       0
    147 C0000147               2                       0
    148 C0000148               2                       0
    149 C0000149              12                       0
    150 C0000150              12                       0
    151 C0000151               2                       0
    152 C0000152               2                       0
    153 C0000153               5                       0
    154 C0000154               5                       0
    155 C0000155               1                       0
    156 C0000156               1                       0
    157 C0000157               2                       0
    158 C0000158               2                       0
    159 C0000159               5                       0
    160 C0000160               5                       0
    161 C0000161              12                       0
    162 C0000162              12                       0
    163 C0000163       29.160411                       0
    164 C0000164       29.160411                       0
    165 C0000165              10                       0
    166 C0000166              10                       0
    167 C0000167       9.0000148                       0
    168 C0000168       9.0000148                       0
    169 C0000169               4                       0
    170 C0000170               4                       0
    171 C0000171              16                       0
    172 C0000172              16                       0
    173 C0000173               4                       0
    174 C0000174               4                       0
    175 C0000175              22                       0
    176 C0000176              22                       0
    177 C0000177              13                       0
    178 C0000178              13                       0
    179 C0000179              15                       0
    180 C0000180              15                       0
    181 C0000181               2                       0
    182 C0000182               2                       0
    183 C0000183               4                       0
    184 C0000184               4                       0
    185 C0000185              16                       0
    186 C0000186              16                       0
    187 C0000187               1                       0
    188 C0000188               1                       0
    189 C0000189               4                       0
    190 C0000190               4                       0
    191 C0000191               1                       0
    192 C0000192               1                       0
    193 C0000193               5                       0
    194 C0000194               5                       0
      0 X0000000               0              0.11712423
      1 X0000001               0              0.70450354
      2 X0000002   7.8774837e-07                       0
      3 X0000003               0              0.26117266
      4 X0000004      0.36458381                       0
      5 X0000005               0             0.063188146
      6 X0000006               0              0.39179956
      7 X0000007               0               0.2681621
      8 X0000008               0              0.47567614
      9 X0000009    1.099155e-07                       0
     10 X0000010               0              0.21395686
     11 X0000011               0              0.34916934
     12 X0000012      0.49999918                       0
     13 X0000013      0.32227777                       0
     14 X0000014               1                       0
     15 X0000015               0              0.39774818
     16 X0000016               0             0.043076986
     17 X0000017               0              0.44698442
     18 X0000018               0                       0
     19 X0000019               0                       0
     20 X0000020   2.0691756e-09                       0
     21 X0000021               0              0.39851319
     22 X0000022               0              0.12725895
     23 X0000023               0              0.20590264
     24 X0000024      0.27864842                       0
     25 X0000025               0              0.27584301
     26 X0000026               0             0.016026564
     27 X0000027               0              0.63732901
     28 X0000028               0              0.54560857
     29 X0000029               0              0.41302719
     30 X0000030               0              0.39598737
     31 X0000031               0              0.18627053
     32 X0000032               0              0.37555382
     33 X0000033               0                       0
     34 X0000034               0               0.2760872
     35 X0000035               0              0.58689063
     36 X0000036               0              0.42464956
     37 X0000037               0              0.46703394
     38 X0000038               0              0.11987902
     39 X0000039               0                       0
     40 X0000040               0              0.52694847
     41 X0000041      0.53475848                       0
     42 X0000042               0              0.44503763
     43 X0000043               0              0.43816257
     44 X0000044               0              0.13335788
     45 X0000045               0              0.54247508
     46 X0000046               0              0.52284801
     47 X0000047               0              0.35876776
     48 X0000048               3                       0
     49 X0000049              10                       0
     50 X0000050       11.999991                       0
     51 X0000051              20                       0
     52 X0000052       4.0937514                       0
     53 X0000053               4                       0
     54 X0000054              15                       0
     55 X0000055               2                       0
     56 X0000056               2                       0
     57 X0000057       19.999998                       0
     58 X0000058               1                       0
     59 X0000059               5                       0
     60 X0000060       9.0000148                       0
     61 X0000061       14.909889                       0
     62 X0000062               8            -0.035485897
     63 X0000063               1                       0
     64 X0000064               4                       0
     65 X0000065              12                       0
     66 X0000066               8                       0
     67 X0000067              18                       0
     68 X0000068               1                       0
     69 X0000069               2                       0
     70 X0000070               8                       0
     71 X0000071               3                       0
     72 X0000072       3.8359453                       0
     73 X0000073               4                       0
     74 X0000074               2                       0
     75 X0000075               5                       0
     76 X0000076              12                       0
     77 X0000077               1                       0
     78 X0000078              16                       0
     79 X0000079               5                       0
     80 X0000080               4                       0
     81 X0000081              16                       0
     82 X0000082              10                       0
     83 X0000083               1                       0
     84 X0000084               1                       0
     85 X0000085               1                       0
     86 X0000086              19                       0
     87 X0000087              22                       0
     88 X0000088               4                       0
     89 X0000089       29.160411                       0
     90 X0000090               1                       0
     91 X0000091               1                       0
     92 X0000092              13                       0
     93 X0000093               1                       0
     94 X0000094               4                       0
     95 X0000095               2                       0
     96 X0000096           1e-06                       0
