Optimal - objective value 0.00000000
      0 C0000000               1                       0
      1 C0000001              -1                       0
      2 C0000002               1                       0
      3 C0000003              -1                       0
      4 C0000004               1                       0
      5 C0000005              -1                       0
      6 C0000006               1                       0
      7 C0000007              -1                       0
      8 C0000008             365                       0
      9 C0000009              -1                       0
     10 C0000010               3                       0
     11 C0000011             0.5                       0
     12 C0000012             1.5                       0
     13 C0000013             0.5                       0
     14 C0000014             1.5                       0
     15 C0000015             0.5                       0
     16 C0000016             1.5                       0
     17 C0000017             0.5                       0
     18 C0000018             1.5                       0
     19 C0000019      0.17704058                       0
     20 C0000020       1.8229594                       0
     21 C0000021             0.5                       0
     22 C0000022             1.5                       0
     23 C0000023             0.5                       0
     24 C0000024             1.5                       0
     25 C0000025             0.5                       0
     26 C0000026             1.5                       0
     27 C0000027             0.5                       0
     28 C0000028             1.5                       0
     29 C0000029             0.5                       0
     30 C0000030             1.5                       0
     31 C0000031     -0.69594107                       0
     32 C0000032       2.6959411                       0
     33 C0000033             0.5                       0
     34 C0000034             1.5                       0
     35 C0000035     -0.60108372                       0
     36 C0000036       2.6010837                       0
     37 C0000037              -1                       0
     38 C0000038               3                       0
     39 C0000039             0.5                       0
     40 C0000040             1.5                       0
     41 C0000041              -1                       0
     42 C0000042               3                       0
     43 C0000043             0.5                       0
     44 C0000044             1.5                       0
     45 C0000045             0.5                       0
     46 C0000046             1.5                       0
     47 C0000047              -1                       0
     48 C0000048               3                       0
     49 C0000049             0.5                       0
     50 C0000050             1.5                       0
     51 C0000051             0.5                       0
     52 C0000052             1.5                       0
     53 C0000053             0.5                       0
     54 C0000054             1.5                       0
     55 C0000055              -1                       0
     56 C0000056               3                       0
     57 C0000057             0.5                       0
     58 C0000058             1.5                       0
     59 C0000059             0.5                       0
     60 C0000060             1.5                       0
     61 C0000061             0.5                       0
     62 C0000062             1.5                       0
     63 C0000063             0.5                       0
     64 C0000064             1.5                       0
     65 C0000065             0.5                       0
     66 C0000066             1.5                       0
     67 C0000067              -1                       0
     68 C0000068               3                       0
     69 C0000069             0.5                       0
     70 C0000070             1.5                       0
     71 C0000071             0.5                       0
     72 C0000072             1.5                       0
     73 C0000073             0.5                       0
     74 C0000074             1.5                       0
     75 C0000075     -0.44834351                       0
     76 C0000076       2.4483435                       0
     77 C0000077              -1                       0
     78 C0000078               3                       0
     79 C0000079             0.5                       0
     80 C0000080             1.5                       0
     81 C0000081              -1                       0
     82 C0000082               3                       0
     83 C0000083             0.5                       0
     84 C0000084             1.5                       0
     85 C0000085     -0.13133934                       0
     86 C0000086       2.1313393                       0
     87 C0000087              -1                       0
     88 C0000088               3                       0
     89 C0000089             0.5                       0
     90 C0000090             1.5                       0
     91 C0000091             0.5                       0
     92 C0000092             1.5                       0
     93 C0000093              -1                       0
     94 C0000094               3                       0
     95 C0000095             0.5                       0
     96 C0000096             1.5                       0
     97 C0000097              -1                       0
     98 C0000098               3                       0
     99 C0000099             0.5                       0
    100 C0000100             1.5                       0
    101 C0000101              -1                       0
    102 C0000102               3                       0
    103 C0000103             0.5                       0
    104 C0000104             1.5                       0
      0 X0000000              12                       0
      1 X0000001             9.5                       0
      2 X0000002             3.5                       0
      3 X0000003               2                       0
      4 X0000004               2                       0
      5 X0000005       2.4688783                       0
      6 X0000006             0.5                       0
      7 X0000007             1.5                       0
      8 X0000008               1                       0
      9 X0000009             1.5                       0
     10 X0000010             7.5                       0
     11 X0000011       6.7837643                       0
     12 X0000012             0.5                       0
     13 X0000013        12.80867                       0
     14 X0000014               8                       0
     15 X0000015              12                       0
     16 X0000016              36                       0
     17 X0000017             2.5                       0
     18 X0000018               8                       0
     19 X0000019              18                       0
     20 X0000020               1                       0
     21 X0000021             0.5                       0
     22 X0000022               1                       0
     23 X0000023              12                       0
     24 X0000024            11.5                       0
     25 X0000025             0.5                       0
     26 X0000026               5                       0
     27 X0000027             0.5                       0
     28 X0000028               7                       0
     29 X0000029               8                       0
     30 X0000030             1.5                       0
     31 X0000031             6.5                       0
     32 X0000032             0.5                       0
     33 X0000033       33.311901                       0
     34 X0000034               8                       0
     35 X0000035               2                       0
     36 X0000036              12                       0
     37 X0000037             0.5                       0
     38 X0000038       22.626787                       0
     39 X0000039               8                       0
     40 X0000040             9.5                       0
     41 X0000041             4.5                       0
     42 X0000042              16                       0
     43 X0000043               1                       0
     44 X0000044              38                       0
     45 X0000045             1.5                       0
     46 X0000046               2                       0
     47 X0000047             2.5                       0
     48 X0000048               1                       0
     49 X0000049               0                       1
