Optimal - objective value 19.99999991
      0 C0000000             365                3.007852
      1 C0000001              -1                       0
      2 C0000002               1               6.6641311
      3 C0000003              -1               12.927361
      4 C0000004               1                       0
      5 C0000005              -1               2.6650199
      6 C0000006               1                       0
      7 C0000007              -1               11.335942
      8 C0000008               1                       0
      9 C0000009              -1               8.0289533
     10 C0000010               1                       0
     11 C0000011              -1               10.007269
     12 C0000012               1                       0
     13 C0000013              -1               18.311733
     14 C0000014               3                       0
     15 C0000015              -1                       0
     16 C0000016               1               13.860319
     17 C0000017              -1               6.8874536
     18 C0000018               1                       0
     19 C0000019              -1               11.075748
     20 C0000020               1                       0
     21 C0000021              -1               18.311733
     22 C0000022       1.6385242                       0
     23 C0000023     -0.34066753                       0
     24 C0000024               1               18.311733
     25 C0000025              -1               6.6522792
     26 C0000026               1                       0
     27 C0000027              -1               5.9811871
     28 C0000028               1                       0
     29 C0000029              -1               9.7793529
     30 C0000030               1                       0
     31 C0000031              -1                       0
     32 C0000032               1               9.0879099
     33 C0000033     -0.99999841                       0
     34 C0000034               1               18.311733
     35 C0000035              -1               12.874086
     36 C0000036               1                       0
     37 C0000037              -1               14.795755
     38 C0000038               1                       0
     39 C0000039              -1               7.9470761
     40 C0000040               1                       0
     41 C0000041     -0.99999999                       0
     42 C0000042               1               18.311733
     43 C0000043              -1                       0
     44 C0000044               1               9.0454217
     45 C0000045              -1               18.311733
     46 C0000046       2.9999832                       0
     47 C0000047              -1               15.263411
     48 C0000048               1                       0
     49 C0000049              -1               9.5783135
     50 C0000050               1                       0
     51 C0000051              -1               7.9457599
     52 C0000052               1                       0
     53 C0000053     -0.98484952                       0
     54 C0000054               1               18.311733
     55 C0000055              -1               4.0790062
     56 C0000056               1                       0
     57 C0000057              -1               11.985151
     58 C0000058               1                       0
     59 C0000059              -1               2.5387454
     60 C0000060               1                       0
     61 C0000061              -1               6.0887452
     62 C0000062               1                       0
     63 C0000063              -1               3.7723306
     64 C0000064               1                       0
     65 C0000065              -1               8.3870408
     66 C0000066               1                       0
     67 C0000067              -1               11.952819
     68 C0000068               1                       0
     69 C0000069              -1                5.797912
     70 C0000070               1                       0
     71 C0000071              -1               9.0765223
     72 C0000072               1                       0
     73 C0000073              -1                       0
     74 C0000074               1               6.8852453
     75 C0000075              -1               7.4842947
     76 C0000076               1                       0
     77 C0000077              -1               7.5949816
     78 C0000078               1                       0
     79 C0000079              -1                       0
     80 C0000080               1               5.8219793
     81 C0000081              -1               4.6334797
     82 C0000082               1                       0
     83 C0000083              -1               8.1102911
     84 C0000084               1                       0
     85 C0000085              -1               10.085199
     86 C0000086               1                       0
     87 C0000087     -0.92799316                       0
     88 C0000088               1               18.311733
     89 C0000089              -1                       0
     90 C0000090               1               12.185066
     91 C0000091              -1               2.9058749
     92 C0000092               1                       0
     93 C0000093              -1               5.2391027
     94 C0000094               1                       0
     95 C0000095              -1               10.896997
     96 C0000096               1                       0
     97 C0000097               1              -1490.8417
     98 C0000098       -1.000002                       0
     99 C0000099        0.999998                       0
    100 C0000100              -1              -586.44393
    101 C0000101        0.999998                       0
    102 C0000102              -1              -72.753447
    103 C0000103           1e-06              -2150.0391
    104 C0000104       2.6924994              -18.311733
    105 C0000105       5.9999748                       0
    106 C0000106       5.9999748             -0.81414645
    107 C0000107               1                       0
    108 C0000108               1                       0
    109 C0000109               2                       0
    110 C0000110               2                       0
    111 C0000111               3                       0
    112 C0000112               3                       0
    113 C0000113       20.110013                       0
    114 C0000114       20.110013            -0.087189374
    115 C0000115              12                       0
    116 C0000116              12                       0
    117 C0000117               2                       0
    118 C0000118               2                       0
    119 C0000119       11.873359                       0
    120 C0000120       11.873359                       0
    121 C0000121               1                       0
    122 C0000122               1                       0
    123 C0000123               1                       0
    124 C0000124               1                       0
    125 C0000125               2                       0
    126 C0000126               2                       0
    127 C0000127               1                       0
    128 C0000128               1                       0
    129 C0000129               8                       0
    130 C0000130               8                       0
    131 C0000131              14                       0
    132 C0000132              14                       0
    133 C0000133               1                       0
    134 C0000134               1                       0
    135 C0000135               1                       0
    136 C0000136               1                       0
    137 C0000137               2                       0
    138 C0000138               2                       0
    139 C0000139               6                       0
    140 C0000140               6                       0
    141 C0000141              13                       0
    142 C0000142              13                       0
    143 C0000143              13                       0
    144 C0000144              13                       0
    145 C0000145               2                       0
    146 C0000146               2                       0
    147 C0000147               1                       0
    148 C0000148               1                       0
    149 C0000149               1                       0
    150 C0000150               1                       0
    151 C0000151               3                       0
    152 C0000152               3                       0
    153 C0000153               1                       0
    154 C0000154               1                       0
    155 C0000155               1                       0
    156 C0000156               1                       0
    157 C0000157       20.243928                       0
    158 C0000158       20.243928                       0
    159 C0000159               4                       0
    160 C0000160               4                       0
    161 C0000161               4                       0
    162 C0000162               4                       0
    163 C0000163               1                       0
    164 C0000164               1                       0
    165 C0000165               2                       0
    166 C0000166               2                       0
    167 C0000167               4                       0
    168 C0000168               4                       0
    169 C0000169              10                       0
    170 C0000170              10                       0
    171 C0000171              19                       0
    172 C0000172              19                       0
    173 C0000173              20                       0
    174 C0000174              20                       0
    175 C0000175              16                       0
    176 C0000176              16                       0
    177 C0000177              18                       0
    178 C0000178              18                       0
      0 X0000000               0               11.647602
      1 X0000001               0               5.3843717
      2 X0000002               0               15.646713
      3 X0000003               0               6.9757914
      4 X0000004               0                10.28278
      5 X0000005               0               8.3044635
      6 X0000006               1                       0
      7 X0000007               0               4.4514134
      8 X0000008               0               11.424279
      9 X0000009               0               7.2359853
     10 X0000010      0.31926208                       0
     11 X0000011      0.32966623                       0
     12 X0000012               0               11.659454
     13 X0000013               0               12.330546
     14 X0000014               0                 8.53238
     15 X0000015               0                9.223823
     16 X0000016   7.9359584e-07                       0
     17 X0000017               0               5.4376469
     18 X0000018               0                3.515978
     19 X0000019               0               10.364657
     20 X0000020   4.3594731e-09                       0
     21 X0000021               0               9.2663112
     22 X0000022       0.9999916                       0
     23 X0000023               0               3.0483217
     24 X0000024               0               8.7334194
     25 X0000025               0               10.365973
     26 X0000026    0.0075752387                       0
     27 X0000027               0               14.232727
     28 X0000028               0               6.3265815
     29 X0000029               0               15.772987
     30 X0000030               0               12.222988
     31 X0000031               0               14.539402
     32 X0000032               0               9.9246921
     33 X0000033               0               6.3589138
     34 X0000034               0               12.513821
     35 X0000035               0               9.2352106
     36 X0000036               0               11.426488
     37 X0000037               0               10.827438
     38 X0000038               0               10.716751
     39 X0000039               0               12.489754
     40 X0000040               0               13.678253
     41 X0000041               0               10.201442
     42 X0000042               0               8.2265335
     43 X0000043     0.036003422                       0
     44 X0000044               0               6.1266671
     45 X0000045               0               15.405858
     46 X0000046               0                13.07263
     47 X0000047               0               7.4147357
     48 X0000048              19                       0
     49 X0000049               5                       0
     50 X0000050              13                       0
     51 X0000051              13                       0
     52 X0000052               1                       0
     53 X0000053               2                       0
     54 X0000054              10              -1.6077016
     55 X0000055              18                       0
     56 X0000056               2                       0
     57 X0000057               2                       0
     58 X0000058       11.873359                       0
     59 X0000059       20.110013                       0
     60 X0000060               1                       0
     61 X0000061               1                       0
     62 X0000062              12                       0
     63 X0000063              16                       0
     64 X0000064       21.999983                       0
     65 X0000065               1                       0
     66 X0000066               3                       0
     67 X0000067               2                       0
     68 X0000068              20                       0
     69 X0000069              12                       0
     70 X0000070       5.9999748                       0
     71 X0000071               3                       0
     72 X0000072               6                       0
     73 X0000073               1                       0
     74 X0000074       29.772743                       0
     75 X0000075               1                       0
     76 X0000076               8                       0
     77 X0000077               2                       0
     78 X0000078               1                       0
     79 X0000079               1                       0
     80 X0000080               1                       0
     81 X0000081               4                       0
     82 X0000082               1                       0
     83 X0000083               2                       0
     84 X0000084              22                       0
     85 X0000085               4                       0
     86 X0000086               2                       0
     87 X0000087              20                       0
     88 X0000088               1                       0
     89 X0000089               1                       0
     90 X0000090               1                       0
     91 X0000091       20.243928                       0
     92 X0000092              14                       0
     93 X0000093               1                       0
     94 X0000094               1                       0
     95 X0000095               4                       0
     96 X0000096           1e-06                       0
