Optimal - objective value 1.99999999
      0 C0000000             365              0.21242641
      1 C0000001              -1                       0
      2 C0000002               1              0.47064731
      3 C0000003              -1               0.9129814
      4 C0000004               1                       0
      5 C0000005              -1              0.18821425
      6 C0000006               1                       0
      7 C0000007              -1              0.80058904
      8 C0000008               1                       0
      9 C0000009              -1              0.56703646
     10 C0000010               1                       0
     11 C0000011     -0.99999999                       0
     12 C0000012               1                1.293247
     13 C0000013              -1                1.293247
     14 C0000014               3                       0
     15 C0000015              -1                       0
     16 C0000016               1               0.9788706
     17 C0000017              -1              0.48641923
     18 C0000018               1                       0
     19 C0000019              -1              0.78221312
     20 C0000020               1                       0
     21 C0000021              -1                1.293247
     22 C0000022       1.6385242                       0
     23 C0000023     -0.34066753                       0
     24 C0000024               1                1.293247
     25 C0000025              -1              0.46981028
     26 C0000026               1                       0
     27 C0000027              -1               0.4224151
     28 C0000028               1                       0
     29 C0000029              -1               0.6906566
     30 C0000030               1                       0
     31 C0000031              -1                       0
     32 C0000032               1              0.64182416
     33 C0000033     -0.99999841                       0
     34 C0000034               1                1.293247
     35 C0000035              -1               0.9092189
     36 C0000036               1                       0
     37 C0000037              -1               1.0449348
     38 C0000038               1                       0
     39 C0000039              -1              0.56125396
     40 C0000040               1                       0
     41 C0000041              -1               0.1192321
     42 C0000042               1                       0
     43 C0000043              -1                       0
     44 C0000044               1              0.63882348
     45 C0000045              -1                1.293247
     46 C0000046       2.9999832                       0
     47 C0000047              -1               1.1856048
     48 C0000048               1              0.10764227
     49 C0000049              -1               0.6764584
     50 C0000050               1                       0
     51 C0000051              -1              0.56116101
     52 C0000052               1                       0
     53 C0000053     -0.98484953                       0
     54 C0000054               1                1.293247
     55 C0000055              -1              0.28807556
     56 C0000056               1                       0
     57 C0000057              -1              0.84643881
     58 C0000058               1                       0
     59 C0000059              -1              0.17929625
     60 C0000060               1                       0
     61 C0000061              -1              0.43001128
     62 C0000062               1                       0
     63 C0000063              -1              0.26641692
     64 C0000064               1                       0
     65 C0000065              -1              0.59232601
     66 C0000066               1                       0
     67 C0000067              -1              0.84415538
     68 C0000068               1                       0
     69 C0000069              -1              0.40947149
     70 C0000070               1                       0
     71 C0000071              -1              0.64101992
     72 C0000072               1                       0
     73 C0000073              -1                       0
     74 C0000074               1              0.48626327
     75 C0000075              -1              0.52857051
     76 C0000076               1                       0
     77 C0000077              -1              0.53638765
     78 C0000078               1                       0
     79 C0000079              -1                       0
     80 C0000080               1              0.41117121
     81 C0000081              -1              0.32723467
     82 C0000082               1                       0
     83 C0000083              -1              0.57278085
     84 C0000084               1                       0
     85 C0000085              -1              0.71225669
     86 C0000086               1                       0
     87 C0000087     -0.92799315                       0
     88 C0000088               1                1.293247
     89 C0000089              -1                       0
     90 C0000090               1              0.86055756
     91 C0000091              -1              0.20522439
     92 C0000092               1                       0
     93 C0000093              -1              0.37000617
     94 C0000094               1                       0
     95 C0000095              -1              0.76958906
     96 C0000096               1                       0
     97 C0000097               1              -105.28914
     98 C0000098       -1.000002                       0
     99 C0000099        0.999998                       0
    100 C0000100              -1              -41.416991
    101 C0000101        0.999998                       0
    102 C0000102              -1              -5.1381363
    103 C0000103           1e-06              -151.84427
    104 C0000104       2.6924994               -1.293247
    105 C0000105       5.9999748                       0
    106 C0000106       5.9999748            -0.057498244
    107 C0000107               1                       0
    108 C0000108               1                       0
    109 C0000109               2                       0
    110 C0000110               2                       0
    111 C0000111               3                       0
    112 C0000112               3                       0
    113 C0000113       20.110013                       0
    114 C0000114       20.110013           -0.0061576586
    115 C0000115              12                       0
    116 C0000116              12                       0
    117 C0000117               2                       0
    118 C0000118               2                       0
    119 C0000119       11.873359                       0
    120 C0000120       11.873359                       0
    121 C0000121               1                       0
    122 C0000122               1                       0
    123 C0000123               1                       0
    124 C0000124               1                       0
    125 C0000125               2                       0
    126 C0000126               2                       0
    127 C0000127               1                       0
    128 C0000128               1                       0
    129 C0000129               8                       0
    130 C0000130               8                       0
    131 C0000131              14                       0
    132 C0000132              14                       0
    133 C0000133               1                       0
    134 C0000134               1                       0
    135 C0000135               1                       0
    136 C0000136               1                       0
    137 C0000137               2                       0
    138 C0000138               2                       0
    139 C0000139               6                       0
    140 C0000140               6                       0
    141 C0000141              13                       0
    142 C0000142              13                       0
    143 C0000143              13                       0
    144 C0000144              13                       0
      0 X0000000               0              0.82259973
      1 X0000001               0              0.38026563
      2 X0000002               0               1.1050328
      3 X0000003               0              0.49265799
      4 X0000004               0              0.72621058
      5 X0000005   3.0788232e-09                       0
      6 X0000006               1                       0
      7 X0000007               0              0.31437643
      8 X0000008               0              0.80682781
      9 X0000009               0              0.51103391
     10 X0000010      0.31926208                       0
     11 X0000011      0.32966623                       0
     12 X0000012               0              0.82343676
     13 X0000013               0              0.87083193
     14 X0000014               0              0.60259044
     15 X0000015               0              0.65142288
     16 X0000016   7.9687731e-07                       0
     17 X0000017               0              0.38402814
     18 X0000018               0              0.24831228
     19 X0000019               0              0.73199308
     20 X0000020               0               1.1740149
     21 X0000021               0              0.65442356
     22 X0000022       0.9999916                       0
     23 X0000023               0                       0
     24 X0000024               0              0.61678864
     25 X0000025               0              0.73208603
     26 X0000026    0.0075752361                       0
     27 X0000027               0               1.0051715
     28 X0000028               0              0.44680822
     29 X0000029               0               1.1139508
     30 X0000030               0              0.86323576
     31 X0000031               0               1.0268301
     32 X0000032               0              0.70092103
     33 X0000033               0              0.44909165
     34 X0000034               0              0.88377555
     35 X0000035               0              0.65222712
     36 X0000036               0              0.80698376
     37 X0000037               0              0.76467653
     38 X0000038               0              0.75685938
     39 X0000039               0              0.88207582
     40 X0000040               0              0.96601236
     41 X0000041               0              0.72046619
     42 X0000042               0              0.58099034
     43 X0000043     0.036003425                       0
     44 X0000044               0              0.43268947
     45 X0000045               0               1.0880226
     46 X0000046               0              0.92324087
     47 X0000047               0              0.52365797
     48 X0000048              19                       0
     49 X0000049               5                       0
     50 X0000050              13                       0
     51 X0000051              13                       0
     52 X0000052               1                       0
     53 X0000053               2                       0
     54 X0000054              10             -0.11354225
     55 X0000055              18                       0
     56 X0000056               2                       0
     57 X0000057               2                       0
     58 X0000058       11.873359                       0
     59 X0000059       20.110013                       0
     60 X0000060               1                       0
     61 X0000061               1                       0
     62 X0000062              12                       0
     63 X0000063              16                       0
     64 X0000064       21.999982                       0
     65 X0000065               1                       0
     66 X0000066               3                       0
     67 X0000067               2                       0
     68 X0000068              20                       0
     69 X0000069              12                       0
     70 X0000070       5.9999748                       0
     71 X0000071               3                       0
     72 X0000072               6                       0
     73 X0000073               1                       0
     74 X0000074       29.772743                       0
     75 X0000075               1                       0
     76 X0000076               8                       0
     77 X0000077               2                       0
     78 X0000078               1                       0
     79 X0000079               1                       0
     80 X0000080               1                       0
     81 X0000081               4                       0
     82 X0000082               1                       0
     83 X0000083               2                       0
     84 X0000084              22                       0
     85 X0000085               4                       0
     86 X0000086               2                       0
     87 X0000087              20                       0
     88 X0000088               1                       0
     89 X0000089               1                       0
     90 X0000090               1                       0
     91 X0000091       20.243928                       0
     92 X0000092              14                       0
     93 X0000093               1                       0
     94 X0000094               1                       0
     95 X0000095               4                       0
     96 X0000096           1e-06                       0
