Optimal - objective value 19.99999984
      0 C0000000             365              -41.208442
      1 C0000001              -1               45.198658
      2 C0000002               1                       0
      3 C0000003              -1                       0
      4 C0000004               1              0.21850443
      5 C0000005     -0.99999842                       0
      6 C0000006               1               54.167761
      7 C0000007     -0.99999998                       0
      8 C0000008               1               54.167761
      9 C0000009              -1               54.167761
     10 C0000010       1.7291676                       0
     11 C0000011              -1               49.328958
     12 C0000012               1                       0
     13 C0000013              -1               39.166208
     14 C0000014               1               15.001553
     15 C0000015              -1               33.632525
     16 C0000016               1                       0
     17 C0000017              -1               17.741579
     18 C0000018               1                       0
     19 C0000019     -0.99999978                       0
     20 C0000020               1               54.167761
     21 C0000021              -1               37.783438
     22 C0000022               1                       0
     23 C0000023              -1               27.429178
     24 C0000024               1                       0
     25 C0000025   -1.664333e-06                       0
     26 C0000026               1               54.167761
     27 C0000027     -0.35544446                       0
     28 C0000028               1               54.167761
     29 C0000029              -1               54.167761
     30 C0000030               3                       0
     31 C0000031              -1               23.709122
     32 C0000032               1                       0
     33 C0000033              -1               52.518393
     34 C0000034               1               1.6493681
     35 C0000035              -1                       0
     36 C0000036               1               19.938725
     37 C0000037              -1               39.998248
     38 C0000038               1                       0
     39 C0000039              -1               8.6851717
     40 C0000040               1                       0
     41 C0000041              -1               22.409933
     42 C0000042               1                       0
     43 C0000043              -1               23.650539
     44 C0000044               1                       0
     45 C0000045              -1               49.295162
     46 C0000046               1               4.8725983
     47 C0000047              -1               38.400212
     48 C0000048               1                       0
     49 C0000049              -1               54.167761
     50 C0000050       1.5572969                       0
     51 C0000051              -1                43.60605
     52 C0000052               1               10.561711
     53 C0000053              -1               52.940483
     54 C0000054               1                       0
     55 C0000055              -1                       0
     56 C0000056               1               5.3625749
     57 C0000057              -1               12.386315
     58 C0000058               1                       0
     59 C0000059              -1               22.539091
     60 C0000060               1                       0
     61 C0000061              -1               39.005861
     62 C0000062               1                 15.1619
     63 C0000063              -1               39.903593
     64 C0000064               1                       0
     65 C0000065              -1               25.408715
     66 C0000066               1                       0
     67 C0000067              -1                       0
     68 C0000068               1               22.647687
     69 C0000069              -1               33.025639
     70 C0000070               1                       0
     71 C0000071              -1               9.2250297
     72 C0000072               1                       0
     73 C0000073              -1               21.649077
     74 C0000074               1                       0
     75 C0000075              -1               18.403379
     76 C0000076               1                       0
     77 C0000077              -1                       0
     78 C0000078               1               44.987702
     79 C0000079              -1               44.081012
     80 C0000080               1               10.086749
     81 C0000081              -1               13.815262
     82 C0000082               1                       0
     83 C0000083              -1               54.167761
     84 C0000084        2.069517                       0
     85 C0000085              -1               20.087805
     86 C0000086               1                       0
     87 C0000087              -1               20.614282
     88 C0000088               1                       0
     89 C0000089              -1               49.061641
     90 C0000090               1               5.1061194
     91 C0000091              -1                12.62627
     92 C0000092               1                       0
     93 C0000093              -1               14.129266
     94 C0000094               1                       0
     95 C0000095              -1               26.694153
     96 C0000096               1                       0
     97 C0000097        0.999998                       0
     98 C0000098              -1              -14263.424
     99 C0000099        0.999998                       0
    100 C0000100              -1              -1677.4215
    101 C0000101        0.999998                       0
    102 C0000102              -1              -216.28228
    103 C0000103           1e-06              -16157.128
    104 C0000104       3.0002685              -54.167761
    105 C0000105       11.999991                       0
    106 C0000106       11.999991              -5.0892651
    107 C0000107       19.999998                       0
    108 C0000108       19.999998              -1.5833245
    109 C0000109       4.0937514                       0
    110 C0000110       4.0937514             -0.15845129
    111 C0000111               1                       0
    112 C0000112               1                       0
    113 C0000113              19                       0
    114 C0000114              19                       0
    115 C0000115               4                       0
    116 C0000116               4                       0
    117 C0000117               3                       0
    118 C0000118               3                       0
      0 X0000000               0               8.9691032
      1 X0000001               0               53.949256
      2 X0000002   7.8774837e-07                       0
      3 X0000003   7.9227401e-09                       0
      4 X0000004      0.36458381                       0
      5 X0000005               0               4.8388025
      6 X0000006               0                       0
      7 X0000007               0               20.535235
      8 X0000008               0               36.426182
      9 X0000009    1.099155e-07                       0
     10 X0000010               0               16.384323
     11 X0000011               0               26.738583
     12 X0000012      0.49999917                       0
     13 X0000013      0.32227777                       0
     14 X0000014               1                       0
     15 X0000015               0               30.458639
     16 X0000016               0                       0
     17 X0000017               0               34.229036
     18 X0000018               0               14.169513
     19 X0000019               0               45.482589
     20 X0000020               0               31.757827
     21 X0000021               0               30.517221
     22 X0000022               0                       0
     23 X0000023               0               15.767549
     24 X0000024      0.27864843                       0
     25 X0000025               0                       0
     26 X0000026               0               1.2272773
     27 X0000027               0               48.805186
     28 X0000028               0               41.781446
     29 X0000029               0                31.62867
     30 X0000030               0                       0
     31 X0000031               0               14.264168
     32 X0000032               0               28.759046
     33 X0000033               0               31.520073
     34 X0000034               0               21.142121
     35 X0000035               0               44.942731
     36 X0000036               0               32.518684
     37 X0000037               0               35.764382
     38 X0000038               0               9.1800591
     39 X0000039               0                       0
     40 X0000040               0               40.352499
     41 X0000041      0.53475848                       0
     42 X0000042               0               34.079956
     43 X0000043               0               33.553479
     44 X0000044               0                       0
     45 X0000045               0               41.541491
     46 X0000046               0               40.038495
     47 X0000047               0               27.473608
     48 X0000048               3                       0
     49 X0000049              10                       0
     50 X0000050       11.999991                       0
     51 X0000051              20                       0
     52 X0000052       4.0937514                       0
     53 X0000053               4                       0
     54 X0000054              15                       0
     55 X0000055               2                       0
     56 X0000056               2                       0
     57 X0000057       19.999998                       0
     58 X0000058               1                       0
     59 X0000059               5                       0
     60 X0000060        9.000015                       0
     61 X0000061       14.909889                       0
     62 X0000062               8              -2.7174281
     63 X0000063               1                       0
     64 X0000064               4                       0
     65 X0000065              12                       0
     66 X0000066               8                       0
     67 X0000067              18                       0
     68 X0000068               1                       0
     69 X0000069               2                       0
     70 X0000070               8                       0
     71 X0000071               3                       0
     72 X0000072       3.8359453                       0
     73 X0000073               4                       0
     74 X0000074               2                       0
     75 X0000075               5                       0
     76 X0000076              12                       0
     77 X0000077               1                       0
     78 X0000078              16                       0
     79 X0000079               5                       0
     80 X0000080               4                       0
     81 X0000081              16                       0
     82 X0000082              10                       0
     83 X0000083               1                       0
     84 X0000084               1                       0
     85 X0000085               1                       0
     86 X0000086              19                       0
     87 X0000087              22                       0
     88 X0000088               4                       0
     89 X0000089       29.160411                       0
     90 X0000090               1                       0
     91 X0000091               1                       0
     92 X0000092              13                       0
     93 X0000093               1                       0
     94 X0000094               4                       0
     95 X0000095               2                       0
     96 X0000096           1e-06                       0
