Optimal - objective value 5.99999999
      0 C0000000             365               1.6358516
      1 C0000001              -1               3.0588114
      2 C0000002       1.0000002                       0
      3 C0000003     -0.89726546                       0
      4 C0000004               1               3.0588114
      5 C0000005  -7.9966054e-14                       0
      6 C0000006               1               3.0588114
      7 C0000007              -1               1.6937556
      8 C0000008               1                       0
      9 C0000009              -1               2.6174858
     10 C0000010               1                       0
     11 C0000011              -1               1.0528122
     12 C0000012               1                       0
     13 C0000013              -1               2.2708762
     14 C0000014               1                       0
     15 C0000015              -1               1.8792786
     16 C0000016               1                       0
     17 C0000017              -1               3.0588114
     18 C0000018               3                       0
     19 C0000019              -1               1.1780459
     20 C0000020               1                       0
     21 C0000021              -1                       0
     22 C0000022               1               1.0939232
     23 C0000023     -0.99999994                       0
     24 C0000024               1               3.0588114
     25 C0000025              -1               2.8150787
     26 C0000026               1                       0
     27 C0000027              -1               3.0374639
     28 C0000028               1             0.021347556
     29 C0000029              -1                       0
     30 C0000030               1             0.067692643
     31 C0000031     -0.79027583                       0
     32 C0000032               1               3.0588114
     33 C0000033              -1               3.0588114
     34 C0000034       2.3601591                       0
     35 C0000035              -1                       0
     36 C0000036               1               3.0588114
     37 C0000037              -1              0.70678456
     38 C0000038               1               2.3520268
     39 C0000039              -1               1.4279603
     40 C0000040               1                       0
     41 C0000041              -1               2.0648866
     42 C0000042               1                       0
     43 C0000043              -1               3.0588114
     44 C0000044        1.110739                       0
     45 C0000045              -1               3.0588114
     46 C0000046       1.0000443                       0
     47 C0000047              -1               2.4711768
     48 C0000048               1                       0
     49 C0000049               1              -641.59549
     50 C0000050       -1.000002                       0
     51 C0000051        0.999998                       0
     52 C0000052              -1              -65.613352
     53 C0000053        0.999998                       0
     54 C0000054              -1              -20.086954
     55 C0000055           1e-06               -727.2958
     56 C0000056       2.3917007              -3.0588114
     57 C0000057       1.9999999                       0
     58 C0000058       1.9999999              -2.9730909
     59 C0000059       10.080477                       0
     60 C0000060       10.080477            -0.045256929
     61 C0000061              28                       0
     62 C0000062              28                       0
     63 C0000063       36.700655                       0
     64 C0000064       36.700655           -0.0092974094
     65 C0000065       30.605716                       0
     66 C0000066       30.605716                       0
     67 C0000067               2                       0
     68 C0000068               2                       0
     69 C0000069               3                       0
     70 C0000070               3                       0
     71 C0000071               4                       0
     72 C0000072               4                       0
     73 C0000073              36                       0
     74 C0000074              36                       0
     75 C0000075              15                       0
     76 C0000076              15                       0
     77 C0000077               8                       0
     78 C0000078               8                       0
     79 C0000079       3.0000665                       0
     80 C0000080       3.0000665                       0
     81 C0000081              12                       0
     82 C0000082              12                       0
     83 C0000083              18                       0
     84 C0000084              18                       0
     85 C0000085       25.613084                       0
     86 C0000086       25.613084                       0
     87 C0000087               6                       0
     88 C0000088               6                       0
     89 C0000089              43                       0
     90 C0000090              43                       0
     91 C0000091              18                       0
     92 C0000092              18                       0
     93 C0000093              27                       0
     94 C0000094              27                       0
      0 X0000000   9.7671263e-08                       0
      1 X0000001     0.051367272                       0
      2 X0000002             0.5                       0
      3 X0000003               0               1.3650558
      4 X0000004               0              0.44132563
      5 X0000005               0               2.0059992
      6 X0000006               0               0.7879352
      7 X0000007               0               1.1795328
      8 X0000008               1                       0
      9 X0000009               0               1.8807655
     10 X0000010               0               1.9648882
     11 X0000011      2.9927e-08                       0
     12 X0000012               0               0.2437327
     13 X0000013               0                       0
     14 X0000014               0               2.9911188
     15 X0000015      0.10486208                       0
     16 X0000016      0.68007953                       0
     17 X0000017   1.5495527e-09                       0
     18 X0000018               0                       0
     19 X0000019               0               1.6308512
     20 X0000020               0              0.99392482
     21 X0000021     0.055369523                       0
     22 X0000022   2.2168212e-05                       0
     23 X0000023               0               0.5876346
     24 X0000024       20.000002                       0
     25 X0000025       25.613084                       0
     26 X0000026              18             0.036893612
     27 X0000027               2                       0
     28 X0000028               4                       0
     29 X0000029               3                       0
     30 X0000030               4                       0
     31 X0000031               4                       0
     32 X0000032              36            -0.058722469
     33 X0000033              28                       0
     34 X0000034              43                       0
     35 X0000035       1.9999999                       0
     36 X0000036               6                       0
     37 X0000037              15                       0
     38 X0000038              18                       0
     39 X0000039       36.700655                       0
     40 X0000040       10.080477                       0
     41 X0000041               6                       0
     42 X0000042              27                       0
     43 X0000043               8                       0
     44 X0000044               3                       0
     45 X0000045       30.605716                       0
     46 X0000046       3.0000665                       0
     47 X0000047              12                       0
     48 X0000048           1e-06                       0
