Optimal - objective value 34.99999878
      0 C0000000             365               12.653301
      1 C0000001              -1                       0
      2 C0000002               1               3.1710886
      3 C0000003              -1                       0
      4 C0000004               1               1.2168226
      5 C0000005              -1               31.239229
      6 C0000006               1                       0
      7 C0000007              -1               33.112855
      8 C0000008       2.2649602                       0
      9 C0000009              -1               18.098738
     10 C0000010               1                       0
     11 C0000011              -1               28.077246
     12 C0000012               1                       0
     13 C0000013              -1               33.112855
     14 C0000014         2.26012                       0
     15 C0000015     -0.99999762                       0
     16 C0000016               1               33.112855
     17 C0000017               0                       0
     18 C0000018               1               33.112855
     19 C0000019              -1               33.112855
     20 C0000020               3                       0
     21 C0000021     -0.99999993                       0
     22 C0000022               1               33.112855
     23 C0000023              -1               22.753394
     24 C0000024               1                       0
     25 C0000025              -1               21.068081
     26 C0000026               1                       0
     27 C0000027              -1               26.133052
     28 C0000028               1                       0
     29 C0000029              -1               18.425804
     30 C0000030               1                       0
     31 C0000031              -1               12.585728
     32 C0000032               1                       0
     33 C0000033              -1               15.006247
     34 C0000034               1                       0
     35 C0000035              -1               24.994139
     36 C0000036               1                       0
     37 C0000037     -0.47685128                       0
     38 C0000038               1               33.112855
     39 C0000039              -1               20.903995
     40 C0000040               1                       0
     41 C0000041              -1               11.183258
     42 C0000042               1                       0
     43 C0000043              -1                       0
     44 C0000044               1               10.290047
     45 C0000045              -1                       0
     46 C0000046               1               18.678173
     47 C0000047              -1               33.112855
     48 C0000048       1.4028787                       0
     49 C0000049               1              -4722.3837
     50 C0000050       -1.000002                       0
     51 C0000051        0.999998                       0
     52 C0000052              -1              -646.70363
     53 C0000053               1                -141.943
     54 C0000054       -1.000002                       0
     55 C0000055           1e-06              -5511.0304
     56 C0000056        3.225555              -33.112855
     57 C0000057       21.999974                       0
     58 C0000058       21.999974              -1.2162923
     59 C0000059               1                       0
     60 C0000060               1                       0
     61 C0000061              16                       0
     62 C0000062              16                       0
     63 C0000063               4                       0
     64 C0000064               4                       0
      0 X0000000               0               29.941766
      1 X0000001               0               31.896032
      2 X0000002               0               1.8736258
      3 X0000003      0.63248008                       0
      4 X0000004               0               15.014117
      5 X0000005               0               5.0356083
      6 X0000006      0.63005998                       0
      7 X0000007    1.192019e-06                       0
      8 X0000008             0.5                       0
      9 X0000009               1                       0
     10 X0000010   3.4751092e-08                       0
     11 X0000011               0                10.35946
     12 X0000012               0               12.044773
     13 X0000013               0               6.9798021
     14 X0000014               0               14.687051
     15 X0000015               0               20.527127
     16 X0000016               0               18.106608
     17 X0000017               0               8.1187151
     18 X0000018      0.26157436                       0
     19 X0000019               0                12.20886
     20 X0000020               0               21.929597
     21 X0000021               0               22.822808
     22 X0000022               0               14.434682
     23 X0000023      0.20143934                       0
     24 X0000024              18                       0
     25 X0000025              34                       0
     26 X0000026              15                       0
     27 X0000027       8.1624004                       0
     28 X0000028               2                       0
     29 X0000029               3                       0
     30 X0000030        30.97114                       0
     31 X0000031       21.999974                       0
     32 X0000032              16             0.034119298
     33 X0000033              14              -1.1209666
     34 X0000034       34.999999                       0
     35 X0000035               4                       0
     36 X0000036              12                       0
     37 X0000037               5                       0
     38 X0000038              33                       0
     39 X0000039               3                       0
     40 X0000040               1                       0
     41 X0000041               4                       0
     42 X0000042       25.844897                       0
     43 X0000043               3                       0
     44 X0000044               1                       0
     45 X0000045              35                       0
     46 X0000046              22                       0
     47 X0000047        18.02159                       0
     48 X0000048           1e-06                       0
