Optimal - objective value 0.22712771
      0 C0000000        0.999998                       0
      1 C0000001              -1              -58.520946
      2 C0000002               1              -1.4539439
      3 C0000003       -1.000002                       0
      4 C0000004               1             -0.42824118
      5 C0000005       -1.000002                       0
      6 C0000006               1               -4.859021
      7 C0000007       -1.000002                       0
      8 C0000008             365             -0.14065153
      9 C0000009              -1             0.017030976
     10 C0000010       1.4542554                       0
     11 C0000011     -0.78283897                       0
     12 C0000012       1.2370944                       0
     13 C0000013              -1              0.12892167
     14 C0000014       1.4542554                       0
     15 C0000015              -1             0.066567632
     16 C0000016       1.4542554                       0
     17 C0000017              -1            0.0043194823
     18 C0000018       1.4542554                       0
     19 C0000019              -1            0.0082055693
     20 C0000020       1.4542554                       0
     21 C0000021     -0.54574458                       0
     22 C0000022               1            0.0036851872
     23 C0000023     -0.57877062                       0
     24 C0000024        1.033026                       0
     25 C0000025              -1            0.0064803981
     26 C0000026       1.4542554                       0
     27 C0000027     -0.54574458                       0
     28 C0000028               1              0.00858247
     29 C0000029     -0.79694659                       0
     30 C0000030        1.251202                       0
     31 C0000031     -0.54574458                       0
     32 C0000032               1              0.10201656
     33 C0000033              -1            0.0051241247
     34 C0000034       1.4542554                       0
     35 C0000035              -1            0.0088613344
     36 C0000036       1.4542554                       0
     37 C0000037              -1              0.06780875
     38 C0000038       1.4542554                       0
     39 C0000039     -0.54574458                       0
     40 C0000040               1             0.017632028
     41 C0000041     -0.74406124                       0
     42 C0000042       1.1983167                       0
     43 C0000043     -0.54574458                       0
     44 C0000044               1              0.01498975
     45 C0000045              -1             0.011627542
     46 C0000046       1.4542554                       0
     47 C0000047              -1            0.0052182504
     48 C0000048       1.4542554                       0
     49 C0000049              -1             0.013791411
     50 C0000050       1.4542554                       0
     51 C0000051              -1              0.01341847
     52 C0000052       1.4542554                       0
     53 C0000053     -0.54574458                       0
     54 C0000054               1              0.02370473
     55 C0000055              -1             0.034839422
     56 C0000056       1.4542554                       0
     57 C0000057              -1             0.019162629
     58 C0000058       1.4542554                       0
     59 C0000059     -0.54574458                       0
     60 C0000060               1            0.0034468871
     61 C0000061     -0.54574458                       0
     62 C0000062               1              0.10268149
     63 C0000063              -1            0.0023266452
     64 C0000064       1.4542554                       0
     65 C0000065     -0.54574458                       0
     66 C0000066               1             0.010002653
     67 C0000067              -1            0.0077261461
     68 C0000068       1.4542554                       0
     69 C0000069     -0.54574458                       0
     70 C0000070               1             0.010381346
     71 C0000071     -0.54574458                       0
     72 C0000072               1             0.007486615
     73 C0000073     -0.54574458                       0
     74 C0000074               1             0.013153368
     75 C0000075     -0.54574458                       0
     76 C0000076               1             0.001296516
     77 C0000077              -1            0.0088308286
     78 C0000078       1.4542554                       0
     79 C0000079              -1            0.0096179295
     80 C0000080       1.4542554                       0
     81 C0000081              -1             0.055624394
     82 C0000082       1.4542554                       0
     83 C0000083              -1            0.0065519511
     84 C0000084       1.4542554                       0
     85 C0000085     -0.54574458                       0
     86 C0000086               1           0.00030081259
     87 C0000087     -0.54574458                       0
     88 C0000088               1             0.015025161
     89 C0000089     -0.54574458                       0
     90 C0000090               1            0.0050958001
     91 C0000091     -0.54574458                       0
     92 C0000092               1             0.011600306
     93 C0000093     -0.54574458                       0
     94 C0000094               1            0.0019215162
     95 C0000095              -1             0.090548215
     96 C0000096       1.4542554                       0
     97 C0000097     -0.54574458                       0
     98 C0000098               1             0.028689223
     99 C0000099              -1             0.014766206
    100 C0000100       1.4542554                       0
    101 C0000101     -0.54574458                       0
    102 C0000102               1            0.0049553099
    103 C0000103     -0.54574458                       0
    104 C0000104               1            0.0059822895
    105 C0000105           1e-06              -65.262152
      0 X0000000       23.315426                       0
      1 X0000001       5.0498334                       0
      2 X0000002        15.95266                       0
      3 X0000003        15.95266                       0
      4 X0000004       1.2271277                       0
      5 X0000005       2.4542554                       0
      6 X0000006       3.8643615                       0
      7 X0000007        14.50617                       0
      8 X0000008       2.4542554                       0
      9 X0000009       1.5457446                       0
     10 X0000010       9.2166687                       0
     11 X0000011       23.186169                       0
     12 X0000012       1.2271277                       0
     13 X0000013       1.2271277                       0
     14 X0000014       14.725533                       0
     15 X0000015       12.365957                       0
     16 X0000016       21.366157                       0
     17 X0000017      0.77287229                       0
     18 X0000018       3.6813831                       0
     19 X0000019       2.4542554                       0
     20 X0000020       24.542554                       0
     21 X0000021       14.725533                       0
     22 X0000022       2.3186169                       0
     23 X0000023       3.6813831                       0
     24 X0000024       7.3627663                       0
     25 X0000025      0.77287229                       0
     26 X0000026       23.186169                       0
     27 X0000027       1.2271277                       0
     28 X0000028       6.1829783                       0
     29 X0000029       2.4542554                       0
     30 X0000030      0.77287229                       0
     31 X0000031      0.77287229                       0
     32 X0000032      0.77287229                       0
     33 X0000033       3.0914892                       0
     34 X0000034       1.2271277                       0
     35 X0000035       2.4542554                       0
     36 X0000036        26.99681                       0
     37 X0000037       4.9085108                       0
     38 X0000038       1.5457446                       0
     39 X0000039       15.457446                       0
     40 X0000040      0.77287229                       0
     41 X0000041      0.77287229                       0
     42 X0000042      0.77287229                       0
     43 X0000043       25.769682                       0
     44 X0000044       10.820212                       0
     45 X0000045       1.2271277                       0
     46 X0000046      0.77287229                       0
     47 X0000047       3.0914892                       0
     48 X0000048      0.22712771                       0
     49 X0000049           1e-06                       0
