Optimal - objective value 4.00002064
      0 C0000000             365               61.028395
      1 C0000001              -1               24.648488
      2 C0000002               1                       0
      3 C0000003              -1               73.764909
      4 C0000004               1                       0
      5 C0000005              -1               8.9856694
      6 C0000006               1                       0
      7 C0000007              -1               73.764909
      8 C0000008       1.0000103                       0
      9 C0000009              -1               73.764909
     10 C0000010       1.0000001                       0
     11 C0000011              -1               58.814728
     12 C0000012               1                       0
     13 C0000013              -1               20.857932
     14 C0000014               1                       0
     15 C0000015              -1               8.0711306
     16 C0000016               1                       0
     17 C0000017              -1               18.966547
     18 C0000018               1                       0
     19 C0000019              -1               47.799483
     20 C0000020               1                       0
     21 C0000021              -1               73.764909
     22 C0000022       1.3202335                       0
     23 C0000023              -1               44.939487
     24 C0000024               1                       0
     25 C0000025              -1               43.203254
     26 C0000026               1                       0
     27 C0000027              -1               47.980921
     28 C0000028               1                       0
     29 C0000029              -1               66.856998
     30 C0000030               1                       0
     31 C0000031     -0.58363573                       0
     32 C0000032               1               73.764909
     33 C0000033              -1               30.341844
     34 C0000034               1                       0
     35 C0000035              -1               46.489655
     36 C0000036               1                       0
     37 C0000037              -1               23.184779
     38 C0000038               1                       0
     39 C0000039              -1               73.764909
     40 C0000040       1.2089808                       0
     41 C0000041              -1               46.909523
     42 C0000042               1                       0
     43 C0000043              -1               19.143554
     44 C0000044               1                       0
     45 C0000045              -1               30.525037
     46 C0000046               1                       0
     47 C0000047              -1                49.25537
     48 C0000048               1                       0
     49 C0000049              -1               16.997511
     50 C0000050               1                       0
     51 C0000051              -1               25.676396
     52 C0000052               1                       0
     53 C0000053              -1               29.668769
     54 C0000054               1                       0
     55 C0000055              -1                28.07256
     56 C0000056               1                       0
     57 C0000057              -1               55.756976
     58 C0000058               1                       0
     59 C0000059              -1               52.159367
     60 C0000060               1                       0
     61 C0000061              -1               51.340223
     62 C0000062               1                       0
     63 C0000063              -1               17.741504
     64 C0000064               1                       0
     65 C0000065              -1               31.250245
     66 C0000066               1                       0
     67 C0000067              -1               73.764909
     68 C0000068       1.1438425                       0
     69 C0000069              -1               30.341853
     70 C0000070               1                       0
     71 C0000071              -1               71.983978
     72 C0000072               1                       0
     73 C0000073              -1               59.547794
     74 C0000074               1                       0
     75 C0000075              -1               26.093879
     76 C0000076               1                       0
     77 C0000077              -1               47.640916
     78 C0000078               1               26.123994
     79 C0000079              -1               46.543839
     80 C0000080               1                       0
     81 C0000081              -1                66.04995
     82 C0000082               1               7.7149595
     83 C0000083              -1               16.766101
     84 C0000084               1                       0
     85 C0000085     -0.99999914                       0
     86 C0000086               1               73.764909
     87 C0000087              -1               25.821545
     88 C0000088               1                       0
     89 C0000089              -1                       0
     90 C0000090               1               34.568578
     91 C0000091              -1               23.972311
     92 C0000092               1                       0
     93 C0000093              -1               16.937722
     94 C0000094               1                       0
     95 C0000095              -1               31.476315
     96 C0000096               1                       0
     97 C0000097               1              -21510.949
     98 C0000098       -1.000002                       0
     99 C0000099        0.999998                       0
    100 C0000100              -1              -1744.0368
    101 C0000101               1              -683.42798
    102 C0000102       -1.000002                       0
    103 C0000103           1e-06              -23938.414
    104 C0000104      0.54471617              -73.764909
    105 C0000105               1                       0
    106 C0000106               1                       0
    107 C0000107       7.9999966                       0
    108 C0000108       7.9999966              -17.383439
    109 C0000109               4                       0
    110 C0000110               4                       0
    111 C0000111       17.401751                       0
    112 C0000112       17.401751             -0.26787561
    113 C0000113               5                       0
    114 C0000114               5                       0
    115 C0000115               6                       0
    116 C0000116               6                       0
    117 C0000117               3                       0
    118 C0000118               3                       0
    119 C0000119               2                       0
    120 C0000120               2                       0
    121 C0000121               2                       0
    122 C0000122               2                       0
    123 C0000123               1                       0
    124 C0000124               1                       0
    125 C0000125               4                       0
    126 C0000126               4                       0
    127 C0000127              19                       0
    128 C0000128              19                       0
    129 C0000129               1                       0
    130 C0000130               1                       0
    131 C0000131               1                       0
    132 C0000132               1                       0
    133 C0000133               4                       0
    134 C0000134               4                       0
    135 C0000135              13                       0
    136 C0000136              13                       0
    137 C0000137              10                       0
    138 C0000138              10                       0
    139 C0000139               7                       0
    140 C0000140               7                       0
    141 C0000141       9.9404136                       0
    142 C0000142       9.9404136             -0.16330104
    143 C0000143               6                       0
    144 C0000144               6                       0
    145 C0000145               4                       0
    146 C0000146               4                       0
    147 C0000147               1                       0
    148 C0000148               1                       0
    149 C0000149               1                       0
    150 C0000150               1                       0
    151 C0000151               3                       0
    152 C0000152               3                       0
    153 C0000153               5                       0
    154 C0000154               5                       0
      0 X0000000               0               49.116421
      1 X0000001   1.7468091e-08                       0
      2 X0000002               0                64.77924
      3 X0000003   5.1600459e-06                       0
      4 X0000004   2.7343918e-08                       0
      5 X0000005               0               14.950181
      6 X0000006               0               52.906977
      7 X0000007               0               65.693779
      8 X0000008               0               54.798362
      9 X0000009               0               25.965426
     10 X0000010      0.16011677                       0
     11 X0000011               0               28.825423
     12 X0000012               0               30.561655
     13 X0000013               0               25.783988
     14 X0000014               0               6.9079108
     15 X0000015      0.20818214                       0
     16 X0000016               0               43.423065
     17 X0000017               0               27.275254
     18 X0000018               0                50.58013
     19 X0000019      0.10449039                       0
     20 X0000020               0               26.855386
     21 X0000021               0               54.621355
     22 X0000022               0               43.239872
     23 X0000023               0               24.509539
     24 X0000024               0               56.767398
     25 X0000025               0               48.088513
     26 X0000026               0                44.09614
     27 X0000027               0               45.692349
     28 X0000028               0               18.007933
     29 X0000029               0               21.605542
     30 X0000030               0               22.424686
     31 X0000031               0               56.023405
     32 X0000032               0               42.514664
     33 X0000033     0.071921242                       0
     34 X0000034               0               43.423056
     35 X0000035               0               1.7809309
     36 X0000036               0               14.217115
     37 X0000037               0                47.67103
     38 X0000038               0                       0
     39 X0000039               0                27.22107
     40 X0000040               0                       0
     41 X0000041               0               56.998808
     42 X0000042    4.306575e-07                       0
     43 X0000043               0               47.943364
     44 X0000044               0               39.196331
     45 X0000045               0               49.792598
     46 X0000046               0               56.827187
     47 X0000047               0               42.288594
     48 X0000048               6                       0
     49 X0000049              19                       0
     50 X0000050               7                       0
     51 X0000051       4.0000206                       0
     52 X0000052       4.0000001                       0
     53 X0000053               3                       0
     54 X0000054               1                       0
     55 X0000055               3                       0
     56 X0000056               2                       0
     57 X0000057               3                       0
     58 X0000058       17.401751                       0
     59 X0000059               4                       0
     60 X0000060               1                       0
     61 X0000061               8                       0
     62 X0000062               4                       0
     63 X0000063       19.003629                       0
     64 X0000064              18                       0
     65 X0000065               5                       0
     66 X0000066              16                       0
     67 X0000067       9.9404136                       0
     68 X0000068               2                       0
     69 X0000069               1                       0
     70 X0000070               2                       0
     71 X0000071               6                       0
     72 X0000072              23                       0
     73 X0000073               1                       0
     74 X0000074              10                       0
     75 X0000075               1                       0
     76 X0000076              14                       0
     77 X0000077               4                       0
     78 X0000078               3                       0
     79 X0000079              13                       0
     80 X0000080               1                       0
     81 X0000081       24.654189                       0
     82 X0000082               4                       0
     83 X0000083               4                       0
     84 X0000084               6                       0
     85 X0000085               1                       0
     86 X0000086              20                       0
     87 X0000087               4                       0
     88 X0000088              19                       0
     89 X0000089               9                       0
     90 X0000090       7.9999966                       0
     91 X0000091               2                       0
     92 X0000092              19                       0
     93 X0000093               3                       0
     94 X0000094               1                       0
     95 X0000095               5                       0
     96 X0000096           1e-06                       0
