Optimal - objective value 11.99998955
      0 C0000000             365              -8.1574647
      1 C0000001              -1               8.7069129
      2 C0000002               1                       0
      3 C0000003              -1                       0
      4 C0000004               1             0.021633885
      5 C0000005     -0.99999826                       0
      6 C0000006               1               10.452986
      7 C0000007              -1                       0
      8 C0000008               1               6.9294024
      9 C0000009              -1               10.452986
     10 C0000010       1.7291737                       0
     11 C0000011              -1               9.4924554
     12 C0000012               1                       0
     13 C0000013              -1               4.8697782
     14 C0000014               1                       0
     15 C0000015              -1               6.4443883
     16 C0000016               1                       0
     17 C0000017              -1               3.4282714
     18 C0000018               1                       0
     19 C0000019              -1                       0
     20 C0000020               1               4.1996916
     21 C0000021              -1               7.2462181
     22 C0000022               1                       0
     23 C0000023              -1               5.1568262
     24 C0000024               1                       0
     25 C0000025  -8.0140838e-14                       0
     26 C0000026               1               10.452986
     27 C0000027     -0.35544492                       0
     28 C0000028               1               10.452986
     29 C0000029              -1               10.452986
     30 C0000030               3                       0
     31 C0000031              -1                 4.53539
     32 C0000032               1                       0
     33 C0000033              -1               9.7977407
     34 C0000034               1                       0
     35 C0000035              -1                       0
     36 C0000036               1               3.9681605
     37 C0000037              -1               7.4346422
     38 C0000038               1                       0
     39 C0000039              -1               2.0919334
     40 C0000040               1                       0
     41 C0000041              -1               4.2920428
     42 C0000042               1                       0
     43 C0000043              -1               4.5676254
     44 C0000044               1                       0
     45 C0000045              -1                 8.47369
     46 C0000046               1                       0
     47 C0000047              -1               7.3617243
     48 C0000048               1                       0
     49 C0000049              -1               10.452986
     50 C0000050       1.5572883                       0
     51 C0000051              -1               6.3027482
     52 C0000052               1                       0
     53 C0000053              -1               10.183657
     54 C0000054               1                       0
     55 C0000055              -1                       0
     56 C0000056               1               1.0282897
     57 C0000057              -1               6.4580795
     58 C0000058               1                3.994906
     59 C0000059              -1                4.334344
     60 C0000060               1                       0
     61 C0000061              -1               4.4824582
     62 C0000062               1                       0
     63 C0000063              -1                7.755192
     64 C0000064               1                       0
     65 C0000065              -1               4.9281631
     66 C0000066               1                       0
     67 C0000067              -1                       0
     68 C0000068               1               4.0727736
     69 C0000069              -1                6.421554
     70 C0000070               1                       0
     71 C0000071              -1               1.7579812
     72 C0000072               1                       0
     73 C0000073              -1               4.1195876
     74 C0000074               1                       0
     75 C0000075              -1               3.5156394
     76 C0000076               1                       0
     77 C0000077              -1                       0
     78 C0000078               1               8.8695474
     79 C0000079              -1               7.2170328
     80 C0000080               1                       0
     81 C0000081              -1               2.7261679
     82 C0000082               1                       0
     83 C0000083              -1               10.452986
     84 C0000084       2.0695182                       0
     85 C0000085              -1                3.872209
     86 C0000086               1                       0
     87 C0000087              -1               3.9709069
     88 C0000088               1                       0
     89 C0000089              -1               8.3704643
     90 C0000090               1                       0
     91 C0000091              -1               2.4360426
     92 C0000092               1                       0
     93 C0000093              -1               2.7254847
     94 C0000094               1                       0
     95 C0000095              -1               5.1787881
     96 C0000096               1                       0
     97 C0000097        0.999998                       0
     98 C0000098              -1              -2837.6407
     99 C0000099        0.999998                       0
    100 C0000100              -1              -320.75248
    101 C0000101        0.999998                       0
    102 C0000102              -1              -34.177674
    103 C0000103           1e-06              -3192.5708
    104 C0000104       3.0002685              -10.452986
      0 X0000000               0               1.7460726
      1 X0000001               0               10.431352
      2 X0000002   8.7108162e-07                       0
      3 X0000003               0               3.5235831
      4 X0000004      0.36458686                       0
      5 X0000005               0              0.96053008
      6 X0000006               0               5.5832073
      7 X0000007               0               4.0085972
      8 X0000008               0               7.0247141
      9 X0000009               0                6.253294
     10 X0000010               0               3.2067674
     11 X0000011               0               5.2961593
     12 X0000012             0.5                       0
     13 X0000013      0.32227754                       0
     14 X0000014               1                       0
     15 X0000015               0               5.9175956
     16 X0000016               0              0.65524485
     17 X0000017               0                6.484825
     18 X0000018               0               3.0183434
     19 X0000019               0               8.3610521
     20 X0000020               0               6.1609428
     21 X0000021               0               5.8853602
     22 X0000022               0               1.9792955
     23 X0000023               0               3.0912612
     24 X0000024      0.27864417                       0
     25 X0000025               0               4.1502373
     26 X0000026               0              0.26932838
     27 X0000027               0               9.4246958
     28 X0000028               0                       0
     29 X0000029               0               6.1186415
     30 X0000030               0               5.9705273
     31 X0000031               0               2.6977935
     32 X0000032               0               5.5248224
     33 X0000033               0               6.3802119
     34 X0000034               0               4.0314315
     35 X0000035               0               8.6950043
     36 X0000036               0               6.3333979
     37 X0000037               0               6.9373461
     38 X0000038               0               1.5834381
     39 X0000039               0               3.2359527
     40 X0000040               0               7.7268176
     41 X0000041      0.53475912                       0
     42 X0000042               0               6.5807765
     43 X0000043               0               6.4820786
     44 X0000044               0               2.0825212
     45 X0000045               0               8.0169429
     46 X0000046               0               7.7275009
     47 X0000047               0               5.2741975
     48 X0000048               3                       0
     49 X0000049              10                       0
     50 X0000050        11.99999                       0
     51 X0000051              20                       0
     52 X0000052       4.0937606                       0
     53 X0000053               4                       0
     54 X0000054              15                       0
     55 X0000055               2                       0
     56 X0000056               2                       0
     57 X0000057              20                       0
     58 X0000058               1                       0
     59 X0000059               5                       0
     60 X0000060               9             0.019009908
     61 X0000061       14.909894                       0
     62 X0000062               8             -0.48470418
     63 X0000063               1                       0
     64 X0000064               4                       0
     65 X0000065              12                       0
     66 X0000066               8                       0
     67 X0000067              18                       0
     68 X0000068               1                       0
     69 X0000069               2                       0
     70 X0000070               8                       0
     71 X0000071               3                       0
     72 X0000072       3.8359325                       0
     73 X0000073               4                       0
     74 X0000074               2                       0
     75 X0000075               5                       0
     76 X0000076              12                       0
     77 X0000077               1                       0
     78 X0000078              16                       0
     79 X0000079               5                       0
     80 X0000080               4                       0
     81 X0000081              16                       0
     82 X0000082              10                       0
     83 X0000083               1                       0
     84 X0000084               1                       0
     85 X0000085               1                       0
     86 X0000086              19                       0
     87 X0000087              22                       0
     88 X0000088               4                       0
     89 X0000089       29.160423                       0
     90 X0000090               1                       0
     91 X0000091               1                       0
     92 X0000092              13                       0
     93 X0000093               1                       0
     94 X0000094               4                       0
     95 X0000095               2                       0
     96 X0000096           1e-06                       0
