Optimal - objective value 4.99999987
      0 C0000000             365              -19.534475
      1 C0000001              -1               1.1873322
      2 C0000002               1                       0
      3 C0000003              -1               1.2522328
      4 C0000004               1               5.8324274
      5 C0000005      -0.9899185                       0
      6 C0000006               1               7.0846602
      7 C0000007              -1                2.193537
      8 C0000008               1                       0
      9 C0000009              -1               7.0846602
     10 C0000010       1.0000003                       0
     11 C0000011               0                       0
     12 C0000012               1               7.0846602
     13 C0000013              -1               7.0846602
     14 C0000014       1.9970791                       0
     15 C0000015              -1               2.4722306
     16 C0000016               1                       0
     17 C0000017              -1               7.0846602
     18 C0000018               3                       0
     19 C0000019              -1               7.0846602
     20 C0000020       2.4169247                       0
     21 C0000021      -0.9999988                       0
     22 C0000022               1               7.0846602
     23 C0000023              -1               7.0846602
     24 C0000024               3                       0
     25 C0000025              -1               1.2739168
     26 C0000026               1               5.8107434
     27 C0000027               0                       0
     28 C0000028               1               7.0846602
     29 C0000029              -1               4.5506664
     30 C0000030               1               2.5339939
     31 C0000031              -1               3.6024248
     32 C0000032               1                       0
     33 C0000033     -0.99999995                       0
     34 C0000034               1               7.0846602
     35 C0000035     -0.70527579                       0
     36 C0000036               1               7.0846602
     37 C0000037               0                       0
     38 C0000038               1               7.0846602
     39 C0000039              -1                       0
     40 C0000040               1               3.8939331
     41 C0000041              -1               7.0846602
     42 C0000042               3                       0
     43 C0000043              -1              0.56138824
     44 C0000044               1                       0
     45 C0000045              -1               3.8756468
     46 C0000046               1                       0
     47 C0000047              -1              0.49393696
     48 C0000048               1                       0
     49 C0000049        0.999998                       0
     50 C0000050              -1              -6978.6612
     51 C0000051        0.999998                       0
     52 C0000052              -1              -106.52054
     53 C0000053        0.999998                       0
     54 C0000054              -1              -113.29098
     55 C0000055           1e-06              -7198.4727
     56 C0000056       5.8594056              -7.0846602
     57 C0000057        4.999997                       0
     58 C0000058        4.999997              -1.5726642
     59 C0000059               5                       0
     60 C0000060               5                       0
     61 C0000061            14.5                       0
     62 C0000062            14.5                       0
     63 C0000063        39.79837                       0
     64 C0000064        39.79837             -0.13082394
     65 C0000065              50                       0
     66 C0000066              50                       0
     67 C0000067              12                       0
     68 C0000068              12                       0
      0 X0000000               0               5.8973281
      1 X0000001               0                       0
      2 X0000002    0.0050407477                       0
      3 X0000003               0               4.8911233
      4 X0000004   1.6039784e-07                       0
      5 X0000005             0.5                       0
      6 X0000006      0.49853957                       0
      7 X0000007               0               4.6124297
      8 X0000008               1                       0
      9 X0000009      0.70846236                       0
     10 X0000010    5.997216e-07                       0
     11 X0000011               1                       0
     12 X0000012               0                       0
     13 X0000013             0.5                       0
     14 X0000014               0                       0
     15 X0000015               0               3.4822355
     16 X0000016   2.6164773e-08                       0
     17 X0000017       0.1473621                       0
     18 X0000018             0.5                       0
     19 X0000019               0               3.1907271
     20 X0000020               1                       0
     21 X0000021               0                6.523272
     22 X0000022               0               3.2090134
     23 X0000023               0               6.5907233
     24 X0000024              12                       0
     25 X0000025              10                       0
     26 X0000026        39.79837                       0
     27 X0000027               1                       0
     28 X0000028       45.000007                       0
     29 X0000029             5.5              0.33936808
     30 X0000030       7.4926979                       0
     31 X0000031              33                       0
     32 X0000032              50             -0.51670286
     33 X0000033       10.250774                       0
     34 X0000034        4.999997                       0
     35 X0000035              12             -0.62759177
     36 X0000036              12                       0
     37 X0000037            14.5              0.91999336
     38 X0000038               3                       0
     39 X0000039               5                       0
     40 X0000040       4.9999999                       0
     41 X0000041       34.958154                       0
     42 X0000042            14.5              0.57089928
     43 X0000043               8                       0
     44 X0000044               6             -0.43516945
     45 X0000045               1                       0
     46 X0000046              14                       0
     47 X0000047              16                       0
     48 X0000048           1e-06                       0
