Optimal - objective value 0.00000000
      0 C0000000             365                       0
      1 C0000001               1                       0
      2 C0000002              -1                       0
      3 C0000003               1                       0
      4 C0000004              -1                       0
      5 C0000005               1                       0
      6 C0000006              -1                       0
      7 C0000007               1                       0
      8 C0000008              -1                       0
      0 X0000000              38                       0
      1 X0000001              10                       0
      2 X0000002        12.83942                       0
      3 X0000003       6.5254332                       0
      4 X0000004             0.5                       0
      5 X0000005               1                       0
      6 X0000006             2.5                       0
      7 X0000007               9                       0
      8 X0000008               4                       0
      9 X0000009       2.0773242                       0
     10 X0000010             4.5                       0
     11 X0000011              15                       0
     12 X0000012             0.5                       0
     13 X0000013             0.5                       0
     14 X0000014              24                       0
     15 X0000015               8                       0
     16 X0000016       31.218403                       0
     17 X0000017             0.5                       0
     18 X0000018               6                       0
     19 X0000019               4                       0
     20 X0000020              10                       0
     21 X0000021               6                       0
     22 X0000022             1.5                       0
     23 X0000023               6                       0
     24 X0000024               3                       0
     25 X0000025             0.5                       0
     26 X0000026        39.33942                       0
     27 X0000027               2                       0
     28 X0000028              16                       0
     29 X0000029               1                       0
     30 X0000030               2                       0
     31 X0000031             0.5                       0
     32 X0000032             0.5                       0
     33 X0000033               2                       0
     34 X0000034               2                       0
     35 X0000035               1                       0
     36 X0000036              11                       0
     37 X0000037               8                       0
     38 X0000038               1                       0
     39 X0000039              10                       0
     40 X0000040             0.5                       0
     41 X0000041             0.5                       0
     42 X0000042             0.5                       0
     43 X0000043              42                       0
     44 X0000044               7                       0
     45 X0000045               2                       0
     46 X0000046             0.5                       0
     47 X0000047               8                       0
     48 X0000048               0                       1
