Optimal - objective value 0.99999998
      0 C0000000             365             -0.86577296
      1 C0000001              -1              0.29303519
      2 C0000002               1                       0
      3 C0000003              -1              0.28795519
      4 C0000004               1                       0
      5 C0000005              -1              0.91170301
      6 C0000006       1.8816944                       0
      7 C0000007              -1              0.69968004
      8 C0000008               1                       0
      9 C0000009              -1              0.18182407
     10 C0000010               1                       0
     11 C0000011              -1               0.1802444
     12 C0000012               1                       0
     13 C0000013              -1              0.64710551
     14 C0000014               1               0.2645975
     15 C0000015              -1              0.91170301
     16 C0000016       2.1229181                       0
     17 C0000017              -1              0.26797978
     18 C0000018               1                       0
     19 C0000019              -1               0.1871952
     20 C0000020               1                       0
     21 C0000021              -1                       0
     22 C0000022               1             0.035071558
     23 C0000023   9.9805895e-14                       0
     24 C0000024               1              0.91170301
     25 C0000025              -1               0.1580232
     26 C0000026               1                       0
     27 C0000027              -1              0.15534739
     28 C0000028               1                       0
     29 C0000029              -1              0.48168573
     30 C0000030               1                       0
     31 C0000031              -1             0.096128668
     32 C0000032               1                       0
     33 C0000033              -1              0.60904295
     34 C0000034               1                       0
     35 C0000035              -1              0.20114791
     36 C0000036               1                       0
     37 C0000037              -1              0.46777385
     38 C0000038               1                       0
     39 C0000039              -1              0.16889643
     40 C0000040               1                       0
     41 C0000041              -1              0.23519133
     42 C0000042               1                       0
     43 C0000043              -1              0.85889831
     44 C0000044               1                       0
     45 C0000045              -1              0.22468911
     46 C0000046               1                       0
     47 C0000047              -1              0.44266229
     48 C0000048               1                       0
     49 C0000049              -1              0.20552624
     50 C0000050               1                       0
     51 C0000051              -1              0.11728567
     52 C0000052               1                       0
     53 C0000053     -0.78963873                       0
     54 C0000054               1              0.91170301
     55 C0000055              -1              0.09378741
     56 C0000056               1                       0
     57 C0000057              -1              0.07793652
     58 C0000058               1                       0
     59 C0000059              -1             0.020023357
     60 C0000060               1                       0
     61 C0000061     -0.99999997                       0
     62 C0000062               1              0.91170301
     63 C0000063              -1             0.027446853
     64 C0000064               1                       0
     65 C0000065              -1             0.099431533
     66 C0000066               1                       0
     67 C0000067              -1                       0
     68 C0000068               1              0.06241883
     69 C0000069              -1              0.15547109
     70 C0000070               1                       0
     71 C0000071              -1              0.13772337
     72 C0000072               1                       0
     73 C0000073              -1              0.91170301
     74 C0000074       1.2107407                       0
     75 C0000075              -1              0.41089035
     76 C0000076               1                       0
     77 C0000077              -1             0.074345208
     78 C0000078               1                       0
     79 C0000079              -1                       0
     80 C0000080               1              0.88581587
     81 C0000081              -1             0.043010738
     82 C0000082               1                       0
     83 C0000083              -1             0.063677247
     84 C0000084               1                       0
     85 C0000085              -1              0.20183031
     86 C0000086               1                       0
     87 C0000087              -1              0.91170301
     88 C0000088       1.0000005                       0
     89 C0000089     -0.99999854                       0
     90 C0000090               1              0.91170301
     91 C0000091              -1              0.10989639
     92 C0000092               1                       0
     93 C0000093              -1              0.04580392
     94 C0000094               1                       0
     95 C0000095              -1             0.016904371
     96 C0000096               1                       0
     97 C0000097        0.999998                       0
     98 C0000098              -1              -328.30416
     99 C0000099        0.999998                       0
    100 C0000100              -1              -7.1840406
    101 C0000101               1              -7.7251891
    102 C0000102       -1.000002                       0
    103 C0000103           1e-06              -343.21339
    104 C0000104       1.7128582             -0.91170301
    105 C0000105        13.99999                       0
    106 C0000106        13.99999            -0.094301473
    107 C0000107       28.106263                       0
    108 C0000108       28.106263            -0.016135156
    109 C0000109               3                       0
    110 C0000110               3                       0
    111 C0000111               1                       0
    112 C0000112               1                       0
    113 C0000113               2                       0
    114 C0000114               2                       0
    115 C0000115               2                       0
    116 C0000116               2                       0
    117 C0000117              12                       0
    118 C0000118              12                       0
    119 C0000119               1                       0
    120 C0000120               1                       0
      0 X0000000               0              0.61866782
      1 X0000001               0              0.62374782
      2 X0000002      0.44084721                       0
      3 X0000003               0              0.21202297
      4 X0000004               0              0.72987894
      5 X0000005               0              0.73145861
      6 X0000006               0                       0
      7 X0000007      0.56145904                       0
      8 X0000008               0              0.64372323
      9 X0000009               0              0.72450781
     10 X0000010               0              0.87663145
     11 X0000011             0.5                       0
     12 X0000012               0              0.75367981
     13 X0000013               0              0.75635562
     14 X0000014               0              0.43001728
     15 X0000015               0              0.81557434
     16 X0000016               0              0.30266006
     17 X0000017               0               0.7105551
     18 X0000018               0              0.44392916
     19 X0000019               0              0.74280658
     20 X0000020               0              0.67651168
     21 X0000021               0             0.052804699
     22 X0000022               0               0.6870139
     23 X0000023               0              0.46904072
     24 X0000024               0              0.70617677
     25 X0000025               0              0.79441734
     26 X0000026      0.10518064                       0
     27 X0000027               0               0.8179156
     28 X0000028               0              0.83376649
     29 X0000029               0              0.89167965
     30 X0000030   1.6135184e-08                       0
     31 X0000031               0              0.88425616
     32 X0000032               0              0.81227148
     33 X0000033               0              0.84928418
     34 X0000034               0              0.75623192
     35 X0000035               0              0.77397964
     36 X0000036      0.10537034                       0
     37 X0000037               0              0.50081266
     38 X0000038               0               0.8373578
     39 X0000039               0             0.025887141
     40 X0000040               0              0.86869227
     41 X0000041               0              0.84802576
     42 X0000042               0               0.7098727
     43 X0000043   2.6010644e-07                       0
     44 X0000044   7.3176502e-07                       0
     45 X0000045               0              0.80180662
     46 X0000046               0              0.86589909
     47 X0000047               0              0.89479864
     48 X0000048              19                       0
     49 X0000049               5                       0
     50 X0000050       18.731014                       0
     51 X0000051              13                       0
     52 X0000052               1                       0
     53 X0000053               2                       0
     54 X0000054               5                       0
     55 X0000055       28.106263                       0
     56 X0000056               2                       0
     57 X0000057               2                       0
     58 X0000058               9                       0
     59 X0000059              15            0.0051596545
     60 X0000060               1                       0
     61 X0000061               1                       0
     62 X0000062              12                       0
     63 X0000063              16                       0
     64 X0000064              22                       0
     65 X0000065               1                       0
     66 X0000066               3                       0
     67 X0000067               2                       0
     68 X0000068              20                       0
     69 X0000069              12                       0
     70 X0000070               3                       0
     71 X0000071               3                       0
     72 X0000072               6                       0
     73 X0000073               1                       0
     74 X0000074       26.844581                       0
     75 X0000075               1                       0
     76 X0000076               8                       0
     77 X0000077               2                       0
     78 X0000078      0.99999998                       0
     79 X0000079               1                       0
     80 X0000080               1                       0
     81 X0000081               4                       0
     82 X0000082               1                       0
     83 X0000083               2                       0
     84 X0000084       24.318147                       0
     85 X0000085               4                       0
     86 X0000086               2                       0
     87 X0000087              20                       0
     88 X0000088               1                       0
     89 X0000089               1                       0
     90 X0000090               1                       0
     91 X0000091       21.000005                       0
     92 X0000092        13.99999                       0
     93 X0000093               1                       0
     94 X0000094               1                       0
     95 X0000095               4                       0
     96 X0000096           1e-06                       0
