Optimal - objective value 1.00000000
      0 C0000000             365             -0.37498358
      1 C0000001              -1             0.089362159
      2 C0000002               1                       0
      3 C0000003              -1              0.15953325
      4 C0000004               1              0.63130949
      5 C0000005              -1              0.18909806
      6 C0000006               1                       0
      7 C0000007              -1              0.79084273
      8 C0000008       1.1102115                       0
      9 C0000009              -1              0.75786969
     10 C0000010               1                       0
     11 C0000011              -1              0.72801122
     12 C0000012               1                       0
     13 C0000013              -1              0.24433882
     14 C0000014               1                       0
     15 C0000015              -1              0.06973278
     16 C0000016               1                       0
     17 C0000017              -1              0.24144974
     18 C0000018               1                       0
     19 C0000019              -1              0.37823716
     20 C0000020               1                       0
     21 C0000021              -1                       0
     22 C0000022               1              0.24053242
     23 C0000023              -1             0.095368503
     24 C0000024               1                       0
     25 C0000025              -1              0.41779527
     26 C0000026               1                       0
     27 C0000027              -1              0.41314589
     28 C0000028               1                       0
     29 C0000029              -1              0.79084273
     30 C0000030       2.1722007                       0
     31 C0000031              -1              0.79084273
     32 C0000032       1.5086614                       0
     33 C0000033     -0.99995346                       0
     34 C0000034               1              0.79084273
     35 C0000035              -1              0.28246191
     36 C0000036               1                       0
     37 C0000037              -1                       0
     38 C0000038               1              0.25884201
     39 C0000039              -1              0.47419214
     40 C0000040               1                       0
     41 C0000041              -1              0.30224809
     42 C0000042               1                       0
     43 C0000043              -1                       0
     44 C0000044               1              0.79084273
     45 C0000045              -1              0.32734152
     46 C0000046               1                       0
     47 C0000047              -1               0.0562719
     48 C0000048               1                       0
     49 C0000049              -1                       0
     50 C0000050               1              0.30627045
     51 C0000051              -1              0.28468635
     52 C0000052               1                       0
     53 C0000053              -1              0.22008404
     54 C0000054               1                       0
     55 C0000055              -1              0.26154101
     56 C0000056               1                       0
     57 C0000057              -1              0.41218574
     58 C0000058               1                       0
     59 C0000059              -1              0.35578496
     60 C0000060               1                       0
     61 C0000061              -1              0.55418007
     62 C0000062               1                       0
     63 C0000063              -1                       0
     64 C0000064               1              0.17419089
     65 C0000065              -1              0.35785215
     66 C0000066               1                       0
     67 C0000067              -1                       0
     68 C0000068               1              0.28138022
     69 C0000069              -1              0.36311866
     70 C0000070               1                       0
     71 C0000071              -1              0.38101054
     72 C0000072               1                       0
     73 C0000073              -1              0.43865388
     74 C0000074               1                       0
     75 C0000075              -1              0.27224215
     76 C0000076               1                       0
     77 C0000077              -1              0.30108865
     78 C0000078               1              0.48975409
     79 C0000079              -1              0.61868365
     80 C0000080               1                       0
     81 C0000081    -0.087542971                       0
     82 C0000082               1              0.79084273
     83 C0000083              -1                       0
     84 C0000084               1              0.24684641
     85 C0000085              -1                       0
     86 C0000086               1              0.17329959
     87 C0000087              -1              0.24841663
     88 C0000088               1                       0
     89 C0000089              -1                       0
     90 C0000090               1              0.23266365
     91 C0000091              -1              0.17143243
     92 C0000092               1                       0
     93 C0000093              -1              0.10222674
     94 C0000094               1                       0
     95 C0000095              -1              0.44920318
     96 C0000096               1                       0
     97 C0000097        0.999998                       0
     98 C0000098              -1              -117.72755
     99 C0000099        0.999998                       0
    100 C0000100              -1              -19.640016
    101 C0000101        0.999998                       0
    102 C0000102              -1              -9.5883034
    103 C0000103           1e-06              -146.95587
    104 C0000104       1.3517885             -0.79084273
    105 C0000105       17.999581                       0
    106 C0000106       17.999581           -0.0018837566
    107 C0000107               1                       0
    108 C0000108               1                       0
    109 C0000109               8                       0
    110 C0000110               8                       0
    111 C0000111               3                       0
    112 C0000112               3                       0
    113 C0000113               2                       0
    114 C0000114               2                       0
    115 C0000115               9                       0
    116 C0000116               9                       0
    117 C0000117              23                       0
    118 C0000118              23                       0
    119 C0000119               2                       0
    120 C0000120               2                       0
      0 X0000000               0              0.70148058
      1 X0000001               0                       0
      2 X0000002               0              0.60174468
      3 X0000003     0.055105745                       0
      4 X0000004               0             0.032973047
      5 X0000005               0             0.062831514
      6 X0000006               0              0.54650392
      7 X0000007               0              0.72110995
      8 X0000008               0              0.54939299
      9 X0000009               0              0.41260558
     10 X0000010               0              0.55031032
     11 X0000011               0              0.69547423
     12 X0000012               0              0.37304747
     13 X0000013               0              0.37769685
     14 X0000014      0.58610034                       0
     15 X0000015      0.25433068                       0
     16 X0000016   2.3267901e-05                       0
     17 X0000017               0              0.50838082
     18 X0000018               0              0.53200072
     19 X0000019               0               0.3166506
     20 X0000020               0              0.48859464
     21 X0000021   1.8837428e-09                       0
     22 X0000022               0              0.46350122
     23 X0000023               0              0.73457084
     24 X0000024               0              0.48457228
     25 X0000025               0              0.50615639
     26 X0000026               0               0.5707587
     27 X0000027               0              0.52930172
     28 X0000028               0              0.37865699
     29 X0000029               0              0.43505777
     30 X0000030               0              0.23666267
     31 X0000031               0              0.61665184
     32 X0000032               0              0.43299058
     33 X0000033               0              0.50946251
     34 X0000034               0              0.42772408
     35 X0000035               0              0.40983219
     36 X0000036               0              0.35218886
     37 X0000037               0              0.51860058
     38 X0000038               0                       0
     39 X0000039               0              0.17215909
     40 X0000040      0.45622851                       0
     41 X0000041               0              0.54399633
     42 X0000042               0              0.61754315
     43 X0000043               0               0.5424261
     44 X0000044               0              0.55817909
     45 X0000045               0              0.61941031
     46 X0000046               0              0.68861599
     47 X0000047               0              0.34163955
     48 X0000048               6                       0
     49 X0000049              19                       0
     50 X0000050               7                       0
     51 X0000051        4.220423                       0
     52 X0000052               4                       0
     53 X0000053               3                       0
     54 X0000054               1                       0
     55 X0000055               3                       0
     56 X0000056               2                       0
     57 X0000057               3                       0
     58 X0000058              15                       0
     59 X0000059               4                       0
     60 X0000060               1                       0
     61 X0000061               8                       0
     62 X0000062       6.3444014                       0
     63 X0000063       30.103936                       0
     64 X0000064       17.999581                       0
     65 X0000065               5                       0
     66 X0000066              16                       0
     67 X0000067               9                       0
     68 X0000068               2                       0
     69 X0000069               1                       0
     70 X0000070               2                       0
     71 X0000071               6                       0
     72 X0000072              23                       0
     73 X0000073               1                       0
     74 X0000074              10                       0
     75 X0000075               1                       0
     76 X0000076              14                       0
     77 X0000077               4                       0
     78 X0000078               3                       0
     79 X0000079              13                       0
     80 X0000080               1                       0
     81 X0000081              23                       0
     82 X0000082               4                       0
     83 X0000083               4                       0
     84 X0000084               6                       0
     85 X0000085               1                       0
     86 X0000086              20                       0
     87 X0000087               4                       0
     88 X0000088       10.331658                       0
     89 X0000089               9                       0
     90 X0000090               8                       0
     91 X0000091               2                       0
     92 X0000092              19                       0
     93 X0000093               3                       0
     94 X0000094               1                       0
     95 X0000095               5                       0
     96 X0000096           1e-06                       0
