Optimal - objective value 32.45822203
      0 C0000000             365               616.24884
      1 C0000001              -1               49.794218
      2 C0000002       2.0097714                       0
      3 C0000003               0                       0
      4 C0000004               1               49.794218
      5 C0000005              -1               49.794218
      6 C0000006       1.6439102                       0
      7 C0000007    -0.014319438                       0
      8 C0000008               1               49.794218
      9 C0000009              -1               37.717973
     10 C0000010               1               12.076245
     11 C0000011              -1               49.794218
     12 C0000012               3                       0
     13 C0000013              -1               49.794218
     14 C0000014       1.0000014                       0
     15 C0000015              -1               49.794218
     16 C0000016               3                       0
     17 C0000017               0                       0
     18 C0000018               1               49.794218
     19 C0000019              -1               49.794218
     20 C0000020               3                       0
     21 C0000021              -1               42.129703
     22 C0000022               1                       0
     23 C0000023       -0.004866                       0
     24 C0000024               1               49.794218
     25 C0000025               1              -224985.33
     26 C0000026       -1.000413                       0
     27 C0000027      0.99958698                       0
     28 C0000028              -1              -739.22347
     29 C0000029      0.99958698                       0
     30 C0000030              -1              -161.86586
     31 C0000031    0.0002065076              -225886.42
     32 C0000032       5.8172487              -49.794218
     33 C0000033       12.039085                       0
     34 C0000034       12.039085                       0
      0 X0000000      0.50488568                       0
      1 X0000001             0.5                       0
      2 X0000002       0.3219551                       0
      3 X0000003      0.49284028                       0
      4 X0000004               0                       0
      5 X0000005               1                       0
      6 X0000006   6.7844649e-07                       0
      7 X0000007               1                       0
      8 X0000008             0.5                       0
      9 X0000009               1                       0
     10 X0000010               0               7.6645149
     11 X0000011        0.497567                       0
     12 X0000012       12.039085                       0
     13 X0000013            12.5               25.339761
     14 X0000014       77.995351                       0
     15 X0000015       32.458222                       0
     16 X0000016              55                       0
     17 X0000017              14             -0.25627707
     18 X0000018       63.000043                       0
     19 X0000019              24              -4.0408875
     20 X0000020             6.5               22.788648
     21 X0000021              20              -33.737793
     22 X0000022              46                       0
     23 X0000023        1.507299                       0
     24 X0000024    0.0002065076                       0
