Optimal - objective value 20.11001202
      0 C0000000             365                34.49792
      1 C0000001              -1                       0
      2 C0000002               1               76.432836
      3 C0000003              -1               148.26762
      4 C0000004               1                       0
      5 C0000005              -1               30.565879
      6 C0000006               1                       0
      7 C0000007              -1               170.01885
      8 C0000008               1               40.003678
      9 C0000009              -1               92.086374
     10 C0000010               1                       0
     11 C0000011              -1               114.77625
     12 C0000012               1                       0
     13 C0000013              -1               210.02253
     14 C0000014               3                       0
     15 C0000015              -1                       0
     16 C0000016               1               158.96799
     17 C0000017              -1               78.994185
     18 C0000018               1                       0
     19 C0000019              -1               127.03093
     20 C0000020               1                       0
     21 C0000021              -1               210.02253
     22 C0000022       1.6385241                       0
     23 C0000023     -0.34066747                       0
     24 C0000024               1               210.02253
     25 C0000025              -1               76.296902
     26 C0000026               1                       0
     27 C0000027              -1               68.599955
     28 C0000028               1                       0
     29 C0000029              -1               112.16221
     30 C0000030               1                       0
     31 C0000031              -1               52.895339
     32 C0000032               1               157.12719
     33 C0000033     -0.99999818                       0
     34 C0000034               1               210.02253
     35 C0000035              -1               147.65659
     36 C0000036               1                       0
     37 C0000037              -1               169.69677
     38 C0000038               1                       0
     39 C0000039              -1                 91.1473
     40 C0000040               1                       0
     41 C0000041              -1               114.69287
     42 C0000042               1               95.329654
     43 C0000043              -1                       0
     44 C0000044               1               103.74454
     45 C0000045              -1               210.02253
     46 C0000046       2.9999832                       0
     47 C0000047              -1               175.06045
     48 C0000048               1                       0
     49 C0000049              -1               109.85643
     50 C0000050               1                       0
     51 C0000051              -1               91.132205
     52 C0000052               1                       0
     53 C0000053     -0.98484983                       0
     54 C0000054               1               210.02253
     55 C0000055              -1               46.783294
     56 C0000056               1                       0
     57 C0000057              -1               137.46115
     58 C0000058               1                       0
     59 C0000059              -1               29.117601
     60 C0000060               1                       0
     61 C0000061              -1               69.833569
     62 C0000062               1                       0
     63 C0000063              -1               43.265944
     64 C0000064               1                       0
     65 C0000065              -1               96.193382
     66 C0000066               1                       0
     67 C0000067              -1               137.09032
     68 C0000068               1                       0
     69 C0000069              -1                66.49792
     70 C0000070               1                       0
     71 C0000071              -1               104.10124
     72 C0000072               1                       0
     73 C0000073              -1                       0
     74 C0000074               1               78.968858
     75 C0000075              -1               85.839528
     76 C0000076               1                       0
     77 C0000077              -1               87.109027
     78 C0000078               1                       0
     79 C0000079              -1                       0
     80 C0000080               1               66.773954
     81 C0000081              -1               53.142711
     82 C0000082               1                       0
     83 C0000083              -1                93.01926
     84 C0000084               1                       0
     85 C0000085              -1               115.67005
     86 C0000086               1                       0
     87 C0000087     -0.92799308                       0
     88 C0000088               1               210.02253
     89 C0000089              -1                       0
     90 C0000090               1               139.75402
     91 C0000091              -1               33.328315
     92 C0000092               1                       0
     93 C0000093              -1               60.088775
     94 C0000094               1                       0
     95 C0000095              -1               124.98079
     96 C0000096               1                       0
     97 C0000097               1              -17098.892
     98 C0000098       -1.000002                       0
     99 C0000099        0.999998                       0
    100 C0000100              -1               -6726.094
    101 C0000101        0.999998                       0
    102 C0000102              -1               -834.4302
    103 C0000103           1e-06              -24659.416
    104 C0000104       2.6924994              -210.02253
    105 C0000105       5.9999748                       0
    106 C0000106       5.9999748              -9.3376797
    107 C0000107               1                       0
    108 C0000108               1                       0
    109 C0000109               2                       0
    110 C0000110               2                       0
    111 C0000111               3                       0
    112 C0000112               3                       0
      0 X0000000               0               133.58969
      1 X0000001               0               61.754907
      2 X0000002               0               179.45665
      3 X0000003               0                       0
      4 X0000004               0               117.93615
      5 X0000005               0               95.246279
      6 X0000006               1                       0
      7 X0000007               0               51.054541
      8 X0000008               0               131.02834
      9 X0000009               0               82.991596
     10 X0000010      0.31926205                       0
     11 X0000011      0.32966627                       0
     12 X0000012               0               133.72563
     13 X0000013               0               141.42257
     14 X0000014               0               97.860319
     15 X0000015               0                       0
     16 X0000016   9.1000446e-07                       0
     17 X0000017               0               62.365935
     18 X0000018               0               40.325762
     19 X0000019               0               118.87523
     20 X0000020               0                       0
     21 X0000021               0               106.27799
     22 X0000022       0.9999916                       0
     23 X0000023               0               34.962078
     24 X0000024               0                100.1661
     25 X0000025               0               118.89032
     26 X0000026    0.0075750867                       0
     27 X0000027               0               163.23923
     28 X0000028               0               72.561382
     29 X0000029               0               180.90493
     30 X0000030               0               140.18896
     31 X0000031               0               166.75658
     32 X0000032               0               113.82915
     33 X0000033               0                72.93221
     34 X0000034               0               143.52461
     35 X0000035               0               105.92129
     36 X0000036               0               131.05367
     37 X0000037               0                 124.183
     38 X0000038               0                122.9135
     39 X0000039               0               143.24857
     40 X0000040               0               156.87982
     41 X0000041               0               117.00327
     42 X0000042               0               94.352477
     43 X0000043      0.03600346                       0
     44 X0000044               0               70.268506
     45 X0000045               0               176.69421
     46 X0000046               0               149.93375
     47 X0000047               0               85.041735
     48 X0000048              19                       0
     49 X0000049               5                       0
     50 X0000050              13                       0
     51 X0000051              13                       0
     52 X0000052               1                       0
     53 X0000053               2                       0
     54 X0000054              10              -18.439191
     55 X0000055              18                       0
     56 X0000056               2                       0
     57 X0000057               2                       0
     58 X0000058       11.873358                       0
     59 X0000059       20.110012                       0
     60 X0000060               1                       0
     61 X0000061               1                       0
     62 X0000062              12                       0
     63 X0000063              16                       0
     64 X0000064        21.99998                       0
     65 X0000065               1                       0
     66 X0000066               3                       0
     67 X0000067               2                       0
     68 X0000068              20                       0
     69 X0000069              12                       0
     70 X0000070       5.9999748                       0
     71 X0000071               3                       0
     72 X0000072               6                       0
     73 X0000073               1                       0
     74 X0000074       29.772747                       0
     75 X0000075               1                       0
     76 X0000076               8                       0
     77 X0000077               2                       0
     78 X0000078               1                       0
     79 X0000079               1                       0
     80 X0000080               1                       0
     81 X0000081               4                       0
     82 X0000082               1                       0
     83 X0000083               2                       0
     84 X0000084              22                       0
     85 X0000085               4                       0
     86 X0000086               2                       0
     87 X0000087              20                       0
     88 X0000088               1                       0
     89 X0000089               1                       0
     90 X0000090               1                       0
     91 X0000091       20.243927                       0
     92 X0000092              14                       0
     93 X0000093               1                       0
     94 X0000094               1                       0
     95 X0000095               4                       0
     96 X0000096           1e-06                       0
