Optimal - objective value 2.39169971
      0 C0000000             365              0.54558292
      1 C0000001              -1              0.89124104
      2 C0000002               1                       0
      3 C0000003     -0.89726733                       0
      4 C0000004               1                       1
      5 C0000005  -7.9989016e-14                       0
      6 C0000006               1                       1
      7 C0000007              -1              0.51362703
      8 C0000008               1                       0
      9 C0000009              -1              0.81907169
     10 C0000010               1                       0
     11 C0000011              -1              0.32272594
     12 C0000012               1                       0
     13 C0000013              -1              0.67331995
     14 C0000014               1                       0
     15 C0000015              -1              0.57804408
     16 C0000016               1                       0
     17 C0000017              -1                       1
     18 C0000018               3                       0
     19 C0000019              -1              0.37132853
     20 C0000020               1                       0
     21 C0000021              -1                       0
     22 C0000022               1              0.56876718
     23 C0000023              -1              0.88705175
     24 C0000024               1                       0
     25 C0000025              -1              0.84436228
     26 C0000026               1                       0
     27 C0000027              -1               0.8842434
     28 C0000028               1                       0
     29 C0000029              -1                       0
     30 C0000030               1             0.057071316
     31 C0000031     -0.79026882                       0
     32 C0000032               1                       1
     33 C0000033              -1                       1
     34 C0000034       2.3601901                       0
     35 C0000035              -1              0.93372869
     36 C0000036               1             0.066271308
     37 C0000037              -1                       0
     38 C0000038               1              0.61794858
     39 C0000039              -1              0.41040351
     40 C0000040               1                       0
     41 C0000041              -1              0.62945395
     42 C0000042               1                       0
     43 C0000043              -1                       1
     44 C0000044       1.1107455                       0
     45 C0000045              -1              0.95804759
     46 C0000046               1                       0
     47 C0000047              -1              0.81150762
     48 C0000048               1                       0
     49 C0000049               1              -215.52709
     50 C0000050       -1.000002                       0
     51 C0000051        0.999998                       0
     52 C0000052              -1              -20.442117
     53 C0000053        0.999998                       0
     54 C0000054              -1              -7.8395938
     55 C0000055           1e-06               -243.8088
      0 X0000000               0              0.10875896
      1 X0000001     0.051366334                       0
      2 X0000002             0.5                       0
      3 X0000003               0              0.48637297
      4 X0000004               0              0.18092831
      5 X0000005               0              0.67727406
      6 X0000006               0              0.32668005
      7 X0000007               0              0.42195592
      8 X0000008               1                       0
      9 X0000009               0              0.62867147
     10 X0000010               0              0.43123282
     11 X0000011               0              0.11294825
     12 X0000012               0              0.15563772
     13 X0000013               0               0.1157566
     14 X0000014               0              0.94292868
     15 X0000015      0.10486559                       0
     16 X0000016      0.68009503                       0
     17 X0000017               0                       0
     18 X0000018               0              0.38205142
     19 X0000019               0              0.58959649
     20 X0000020               0              0.37054605
     21 X0000021     0.055372758                       0
     22 X0000022               0             0.041952408
     23 X0000023               0              0.18849238
     24 X0000024              20                       0
     25 X0000025       25.613109                       0
     26 X0000026              18             0.015142333
     27 X0000027               2                       0
     28 X0000028               4                       0
     29 X0000029               3                       0
     30 X0000030               4                       0
     31 X0000031               4                       0
     32 X0000032              36            -0.015414134
     33 X0000033              28                       0
     34 X0000034              43                       0
     35 X0000035               2                       0
     36 X0000036               6                       0
     37 X0000037              15                       0
     38 X0000038              18                       0
     39 X0000039       36.700511                       0
     40 X0000040        10.08057                       0
     41 X0000041               6                       0
     42 X0000042              27                       0
     43 X0000043               8                       0
     44 X0000044               3                       0
     45 X0000045        30.60581                       0
     46 X0000046               3                       0
     47 X0000047              12                       0
     48 X0000048           1e-06                       0
