Optimal - objective value 0.99999993
      0 C0000000             365              0.74644386
      1 C0000001              -1               0.4201481
      2 C0000002               1                       0
      3 C0000003              -1                       0
      4 C0000004               1              0.24124572
      5 C0000005     -0.99999875                       0
      6 C0000006               1              0.62516567
      7 C0000007              -1              0.27775158
      8 C0000008               1              0.34741409
      9 C0000009              -1              0.53624157
     10 C0000010               1             0.088924095
     11 C0000011              -1              0.50712051
     12 C0000012               1                       0
     13 C0000013     -0.60048711                       0
     14 C0000014               1              0.62516567
     15 C0000015              -1              0.31591291
     16 C0000016               1                       0
     17 C0000017              -1             0.045005351
     18 C0000018               1                       0
     19 C0000019              -1                       0
     20 C0000020               1            0.0036185647
     21 C0000021     -0.99999985                       0
     22 C0000022               1              0.62516567
     23 C0000023              -1              0.52872866
     24 C0000024               1                       0
     25 C0000025              -1              0.36609962
     26 C0000026               1              0.25906605
     27 C0000027              -1              0.62516567
     28 C0000028       2.2009061                       0
     29 C0000029              -1              0.51690384
     30 C0000030               1                       0
     31 C0000031              -1              0.21644501
     32 C0000032               1                       0
     33 C0000033              -1              0.62516567
     34 C0000034       1.2763695                       0
     35 C0000035              -1             0.081615834
     36 C0000036               1                       0
     37 C0000037              -1              0.62516567
     38 C0000038       2.9334119                       0
     39 C0000039  -8.0220801e-14                       0
     40 C0000040               1              0.62516567
     41 C0000041              -1               0.2864773
     42 C0000042               1                       0
     43 C0000043              -1              0.11314371
     44 C0000044               1                       0
     45 C0000045              -1              0.27688758
     46 C0000046               1              0.34827809
     47 C0000047              -1              0.29310993
     48 C0000048               1                       0
     49 C0000049              -1              0.38182337
     50 C0000050               1                       0
     51 C0000051              -1              0.43801272
     52 C0000052               1                       0
     53 C0000053              -1              0.40909927
     54 C0000054               1                       0
     55 C0000055              -1              0.27780255
     56 C0000056               1                       0
     57 C0000057              -1                       0
     58 C0000058               1              0.17956538
     59 C0000059              -1              0.15989548
     60 C0000060               1                       0
     61 C0000061              -1                       0
     62 C0000062               1              0.53146807
     63 C0000063              -1              0.19777319
     64 C0000064               1                       0
     65 C0000065              -1              0.42824254
     66 C0000066               1                       0
     67 C0000067              -1             0.088049105
     68 C0000068               1                       0
     69 C0000069              -1              0.36050158
     70 C0000070               1                       0
     71 C0000071              -1               0.1453181
     72 C0000072               1                       0
     73 C0000073              -1               0.2436427
     74 C0000074               1                       0
     75 C0000075              -1              0.15961769
     76 C0000076               1                       0
     77 C0000077              -1              0.38563281
     78 C0000078               1                       0
     79 C0000079              -1              0.01531086
     80 C0000080               1              0.60985481
     81 C0000081              -1              0.26990184
     82 C0000082               1                       0
     83 C0000083               0                       0
     84 C0000084               1              0.62516567
     85 C0000085              -1              0.14554128
     86 C0000086               1                       0
     87 C0000087              -1              0.14788672
     88 C0000088               1                       0
     89 C0000089              -1               0.1506678
     90 C0000090               1                       0
     91 C0000091              -1              0.13841783
     92 C0000092               1                       0
     93 C0000093              -1              0.38072193
     94 C0000094               1                       0
     95 C0000095              -1              0.18038453
     96 C0000096               1                       0
     97 C0000097               1              -271.29779
     98 C0000098       -1.000002                       0
     99 C0000099        0.999998                       0
    100 C0000100              -1              -15.791686
    101 C0000101               1              -7.4609027
    102 C0000102       -1.000002                       0
    103 C0000103           1e-06              -294.55038
    104 C0000104       2.9051009             -0.62516567
    105 C0000105       11.999992                       0
    106 C0000106       11.999992            -0.073406728
      0 X0000000               0              0.20501757
      1 X0000001               0              0.38391995
      2 X0000002   6.2637171e-07                       0
      3 X0000003               0                       0
      4 X0000004               0                       0
      5 X0000005               0              0.11804516
      6 X0000006      0.19975645                       0
      7 X0000007               0              0.30925276
      8 X0000008               0              0.58016032
      9 X0000009               0              0.62154711
     10 X0000010   7.3406964e-08                       0
     11 X0000011               0             0.096437008
     12 X0000012               0                       0
     13 X0000013      0.60045307                       0
     14 X0000014               0              0.10826183
     15 X0000015               0              0.40872066
     16 X0000016      0.13818474                       0
     17 X0000017               0              0.54354984
     18 X0000018      0.96670597                       0
     19 X0000019             0.5                       0
     20 X0000020               0              0.33868837
     21 X0000021               0              0.51202196
     22 X0000022               0                       0
     23 X0000023               0              0.33205574
     24 X0000024               0               0.2433423
     25 X0000025               0              0.18715296
     26 X0000026               0               0.2160664
     27 X0000027               0              0.34736312
     28 X0000028               0              0.44560029
     29 X0000029               0              0.46527019
     30 X0000030               0             0.093697603
     31 X0000031               0              0.42739248
     32 X0000032               0              0.19692313
     33 X0000033               0              0.53711657
     34 X0000034               0              0.26466409
     35 X0000035               0              0.47984757
     36 X0000036               0              0.38152297
     37 X0000037               0              0.46554798
     38 X0000038               0              0.23953286
     39 X0000039               0                       0
     40 X0000040               0              0.35526383
     41 X0000041             0.5                       0
     42 X0000042               0              0.47962439
     43 X0000043               0              0.47727895
     44 X0000044               0              0.47449787
     45 X0000045               0              0.48674784
     46 X0000046               0              0.24444374
     47 X0000047               0              0.44478114
     48 X0000048               3                       0
     49 X0000049              10                       0
     50 X0000050       11.999992                       0
     51 X0000051              20                       0
     52 X0000052               3                       0
     53 X0000053               4                       0
     54 X0000054       12.003653                       0
     55 X0000055               2                       0
     56 X0000056               2                       0
     57 X0000057              20                       0
     58 X0000058      0.99999993                       0
     59 X0000059               5                       0
     60 X0000060              18                       0
     61 X0000061       35.209968                       0
     62 X0000062               4                       0
     63 X0000063               1                       0
     64 X0000064        4.552739                       0
     65 X0000065              12                       0
     66 X0000066       15.733648                       0
     67 X0000067               9            0.0010778774
     68 X0000068               1                       0
     69 X0000069               2                       0
     70 X0000070               8                       0
     71 X0000071               3                       0
     72 X0000072               3                       0
     73 X0000073               4                       0
     74 X0000074               2                       0
     75 X0000075               5                       0
     76 X0000076              12                       0
     77 X0000077               1                       0
     78 X0000078              16                       0
     79 X0000079               5                       0
     80 X0000080               4                       0
     81 X0000081              16                       0
     82 X0000082              10                       0
     83 X0000083               1                       0
     84 X0000084               1                       0
     85 X0000085               1                       0
     86 X0000086              19                       0
     87 X0000087              22                       0
     88 X0000088               4                       0
     89 X0000089             9.5             0.024074951
     90 X0000090               1                       0
     91 X0000091               1                       0
     92 X0000092              13                       0
     93 X0000093               1                       0
     94 X0000094               4                       0
     95 X0000095               2                       0
     96 X0000096           1e-06                       0
