Optimal - objective value 8.31079265
      0 C0000000               1              -1695.5049
      1 C0000001       -1.000002                       0
      2 C0000002        0.999998                       0
      3 C0000003              -1              -84.100633
      4 C0000004        0.999998                       0
      5 C0000005              -1              -24.785838
      6 C0000006        0.999998                       0
      7 C0000007              -1              -180.66185
      8 C0000008             365               3.9022353
      9 C0000009              -1              0.87963902
     10 C0000010               1              0.12036098
     11 C0000011              -1              0.19119371
     12 C0000012               1                       0
     13 C0000013              -1                       0
     14 C0000014               1              0.68679148
     15 C0000015               0                       0
     16 C0000016               1                       1
     17 C0000017              -1              0.55352551
     18 C0000018               1              0.44647449
     19 C0000019              -1              0.62933296
     20 C0000020               1                       0
     21 C0000021              -1                       0
     22 C0000022               1              0.79991696
     23 C0000023              -1                       1
     24 C0000024       2.7632173                       0
     25 C0000025              -1              0.56996389
     26 C0000026               1                       0
     27 C0000027              -1                       0
     28 C0000028               1              0.68309793
     29 C0000029              -1                       1
     30 C0000030               3                       0
     31 C0000031              -1              0.90036291
     32 C0000032               1                       0
     33 C0000033              -1                       1
     34 C0000034       1.6767048                       0
     35 C0000035              -1              0.77048098
     36 C0000036               1              0.22951902
     37 C0000037              -1                       1
     38 C0000038               3                       0
     39 C0000039              -1              0.59541908
     40 C0000040               1                       0
     41 C0000041              -1              0.84646941
     42 C0000042               1              0.15353059
     43 C0000043     -0.92479942                       0
     44 C0000044               1                       1
     45 C0000045              -1              0.99096187
     46 C0000046               1            0.0090381275
     47 C0000047              -1                       1
     48 C0000048       1.2911379                       0
     49 C0000049              -1              0.88820615
     50 C0000050               1                       0
     51 C0000051              -1                       0
     52 C0000052               1              0.53551638
     53 C0000053               0                       0
     54 C0000054               1                       1
     55 C0000055              -1              0.03930196
     56 C0000056               1                       0
     57 C0000057              -1                       0
     58 C0000058               1               0.1357966
     59 C0000059              -1                       1
     60 C0000060               3                       0
     61 C0000061              -1              0.75526823
     62 C0000062               1                       0
     63 C0000063              -1                       0
     64 C0000064               1              0.32540496
     65 C0000065   4.0142085e-14                       0
     66 C0000066               1                       1
     67 C0000067              -1              0.28132859
     68 C0000068               1                       0
     69 C0000069     -0.18467524                       0
     70 C0000070               1                       1
     71 C0000071              -1              0.92481155
     72 C0000072               1                       0
     73 C0000073              -1              0.52184852
     74 C0000074               1                       0
     75 C0000075              -1                       0
     76 C0000076               1              0.27596915
     77 C0000077               0                       0
     78 C0000078               1                       1
     79 C0000079              -1               0.4503254
     80 C0000080               1                       0
     81 C0000081              -1              0.83557842
     82 C0000082               1                       0
     83 C0000083              -1               0.7618371
     84 C0000084               1                       0
     85 C0000085              -1                       1
     86 C0000086               3                       0
     87 C0000087              -1              0.46289448
     88 C0000088               1              0.53710552
     89 C0000089              -1                       0
     90 C0000090               1              0.59436958
     91 C0000091              -1              0.62944082
     92 C0000092               1              0.37055918
     93 C0000093              -1             0.095025912
     94 C0000094               1                       0
     95 C0000095              -1              0.10469254
     96 C0000096               1                       0
     97 C0000097  -4.0018774e-14                       0
     98 C0000098               1                       1
     99 C0000099              -1              0.16844168
    100 C0000100               1                       0
    101 C0000101              -1              0.38360805
    102 C0000102               1                       0
    103 C0000103              -1              0.35580898
    104 C0000104               1                       0
    105 C0000105           1e-06              -1985.0532
      0 X0000000               0                       0
      1 X0000001               0              0.80880629
      2 X0000002               0              0.31320852
      3 X0000003             0.5                       0
      4 X0000004               0                       0
      5 X0000005               0              0.37066704
      6 X0000006               0              0.20008304
      7 X0000007      0.88160863                       0
      8 X0000008               0              0.43003611
      9 X0000009               0              0.31690207
     10 X0000010               1                       0
     11 X0000011               0             0.099637085
     12 X0000012      0.33835242                       0
     13 X0000013               0                       0
     14 X0000014               1                       0
     15 X0000015               0              0.40458092
     16 X0000016               0                       0
     17 X0000017     0.037600292                       0
     18 X0000018               0                       0
     19 X0000019      0.14556893                       0
     20 X0000020               0              0.11179385
     21 X0000021               0              0.46448362
     22 X0000022             0.5                       0
     23 X0000023               0              0.96069804
     24 X0000024               0               0.8642034
     25 X0000025               1                       0
     26 X0000026               0              0.24473177
     27 X0000027               0              0.67459504
     28 X0000028             0.5                       0
     29 X0000029               0              0.71867141
     30 X0000030      0.40766238                       0
     31 X0000031               0             0.075188446
     32 X0000032               0              0.47815148
     33 X0000033               0              0.72403085
     34 X0000034             0.5                       0
     35 X0000035               0               0.5496746
     36 X0000036               0              0.16442158
     37 X0000037               0               0.2381629
     38 X0000038               1                       0
     39 X0000039               0                       0
     40 X0000040               0              0.40563042
     41 X0000041               0                       0
     42 X0000042               0              0.90497409
     43 X0000043               0              0.89530746
     44 X0000044             0.5                       0
     45 X0000045               0              0.83155832
     46 X0000046               0              0.61639195
     47 X0000047               0              0.64419102
     48 X0000048               3                       0
     49 X0000049              10                       0
     50 X0000050              12                       0
     51 X0000051              10             0.025744904
     52 X0000052               3                       0
     53 X0000053               4                       0
     54 X0000054              15                       0
     55 X0000055       3.7632173                       0
     56 X0000056               2                       0
     57 X0000057              20                       0
     58 X0000058               2             -0.26305311
     59 X0000059               5                       0
     60 X0000060       24.090344                       0
     61 X0000061              22                       0
     62 X0000062               8             -0.23092124
     63 X0000063               1                       0
     64 X0000064               4                       0
     65 X0000065       11.548796                       0
     66 X0000066               8                       0
     67 X0000067       20.620241                       0
     68 X0000068               1                       0
     69 X0000069               2                       0
     70 X0000070               4             0.033985751
     71 X0000071               3                       0
     72 X0000072               3                       0
     73 X0000073               8            -0.041610329
     74 X0000074               2                       0
     75 X0000075               5                       0
     76 X0000076               6              0.12252469
     77 X0000077               1                       0
     78 X0000078       9.4774019                       0
     79 X0000079               5                       0
     80 X0000080               4                       0
     81 X0000081              16                       0
     82 X0000082               5             0.043078311
     83 X0000083               1                       0
     84 X0000084               1                       0
     85 X0000085               1                       0
     86 X0000086              38            -0.012017982
     87 X0000087              22                       0
     88 X0000088               4                       0
     89 X0000089              19                       0
     90 X0000090               1                       0
     91 X0000091               1                       0
     92 X0000092             6.5             0.069985799
     93 X0000093               1                       0
     94 X0000094               4                       0
     95 X0000095               2                       0
     96 X0000096           1e-06                       0
