Optimal - objective value 11.99999999
      0 C0000000             365              0.73556692
      1 C0000001              -1                       0
      2 C0000002               1               3.0414252
      3 C0000003              -1               5.3046423
      4 C0000004               1                       0
      5 C0000005              -1              0.72333834
      6 C0000006               1                       0
      7 C0000007              -1                5.043348
      8 C0000008               1                       0
      9 C0000009              -1               3.4348373
     10 C0000010               1                       0
     11 C0000011              -1               4.2341454
     12 C0000012               1                       0
     13 C0000013              -1               7.8357392
     14 C0000014               3                       0
     15 C0000015              -1                       0
     16 C0000016               1               5.4629978
     17 C0000017              -1               3.0115895
     18 C0000018               1                       0
     19 C0000019              -1               4.6780544
     20 C0000020               1                       0
     21 C0000021              -1               7.8357392
     22 C0000022       1.6385241                       0
     23 C0000023     -0.34066749                       0
     24 C0000024               1               7.8357392
     25 C0000025              -1               2.8430418
     26 C0000026               1                       0
     27 C0000027              -1               2.5664894
     28 C0000028               1                       0
     29 C0000029              -1                       0
     30 C0000030               1               7.8357392
     31 C0000031              -1                       0
     32 C0000032               1               4.2285088
     33 C0000033     -0.99999827                       0
     34 C0000034               1               7.8357392
     35 C0000035              -1               5.4668931
     36 C0000036               1                       0
     37 C0000037              -1               6.3188589
     38 C0000038               1                       0
     39 C0000039              -1               3.3809653
     40 C0000040               1                       0
     41 C0000041              -1              0.93574232
     42 C0000042               1                       0
     43 C0000043              -1                       0
     44 C0000044               1               3.3772436
     45 C0000045              -1               7.8357392
     46 C0000046       2.9999832                       0
     47 C0000047              -1               6.5780291
     48 C0000048               1                       0
     49 C0000049              -1                3.938697
     50 C0000050               1                       0
     51 C0000051              -1               3.3501311
     52 C0000052               1                       0
     53 C0000053     -0.98484971                       0
     54 C0000054               1               7.8357392
     55 C0000055              -1                1.745867
     56 C0000056               1                       0
     57 C0000057              -1               4.9530048
     58 C0000058               1                       0
     59 C0000059              -1               1.0528605
     60 C0000060               1                       0
     61 C0000061              -1               2.5560161
     62 C0000062               1                       0
     63 C0000063              -1               1.5678476
     64 C0000064               1                       0
     65 C0000065              -1               3.5411652
     66 C0000066               1                       0
     67 C0000067              -1               4.7897228
     68 C0000068               1                       0
     69 C0000069              -1               2.4921051
     70 C0000070               1                       0
     71 C0000071              -1               3.7987132
     72 C0000072               1                       0
     73 C0000073              -1                       0
     74 C0000074               1               3.4782096
     75 C0000075              -1               3.2374418
     76 C0000076               1                       0
     77 C0000077              -1               3.1821646
     78 C0000078               1                       0
     79 C0000079              -1                       0
     80 C0000080               1               3.6179836
     81 C0000081              -1               1.9389359
     82 C0000082               1                       0
     83 C0000083              -1               3.3808004
     84 C0000084               1                       0
     85 C0000085              -1               4.2979854
     86 C0000086               1                       0
     87 C0000087     -0.92799311                       0
     88 C0000088               1               7.8357392
     89 C0000089              -1                       0
     90 C0000090               1               4.9283883
     91 C0000091              -1               1.2548102
     92 C0000092               1                       0
     93 C0000093              -1               2.1890148
     94 C0000094               1                       0
     95 C0000095              -1               4.4419482
     96 C0000096               1                       0
     97 C0000097               1              -425.97885
     98 C0000098       -1.000002                       0
     99 C0000099        0.999998                       0
    100 C0000100              -1              -248.14688
    101 C0000101        0.999998                       0
    102 C0000102              -1              -19.267081
    103 C0000103           1e-06              -693.39281
    104 C0000104       2.6924994              -7.8357392
    105 C0000105       5.9999748                       0
    106 C0000106       5.9999748             -0.29892715
    107 C0000107               1                       0
    108 C0000108               1                       0
    109 C0000109               2                       0
    110 C0000110               2                       0
    111 C0000111               3                       0
    112 C0000112               3                       0
    113 C0000113       20.110012                       0
    114 C0000114       20.110012                       0
    115 C0000115              12                       0
    116 C0000116              12                       0
    117 C0000117               2                       0
    118 C0000118               2                       0
    119 C0000119       11.873359                       0
    120 C0000120       11.873359                       0
    121 C0000121               1                       0
    122 C0000122               1                       0
    123 C0000123               1                       0
    124 C0000124               1                       0
    125 C0000125               2                       0
    126 C0000126               2                       0
    127 C0000127               1                       0
    128 C0000128               1                       0
    129 C0000129               8                       0
    130 C0000130               8                       0
    131 C0000131              14                       0
    132 C0000132              14                       0
    133 C0000133               1                       0
    134 C0000134               1                       0
    135 C0000135               1                       0
    136 C0000136               1                       0
    137 C0000137               2                       0
    138 C0000138               2                       0
    139 C0000139               6                       0
    140 C0000140               6                       0
    141 C0000141              13                       0
    142 C0000142              13                       0
    143 C0000143              13                       0
    144 C0000144              13                       0
    145 C0000145               2                       0
    146 C0000146               2                       0
    147 C0000147               1                       0
    148 C0000148               1                       0
    149 C0000149               1                       0
    150 C0000150               1                       0
    151 C0000151               3                       0
    152 C0000152               3                       0
    153 C0000153               1                       0
    154 C0000154               1                       0
    155 C0000155               1                       0
    156 C0000156               1                       0
    157 C0000157       20.243928                       0
    158 C0000158       20.243928                       0
    159 C0000159               4                       0
    160 C0000160               4                       0
    161 C0000161               4                       0
    162 C0000162               4                       0
    163 C0000163               1                       0
    164 C0000164               1                       0
    165 C0000165               2                       0
    166 C0000166               2                       0
    167 C0000167               4                       0
    168 C0000168               4                       0
    169 C0000169              10                       0
    170 C0000170              10                       0
    171 C0000171              19                       0
    172 C0000172              19                       0
    173 C0000173              20                       0
    174 C0000174              20                       0
    175 C0000175              16                       0
    176 C0000176              16                       0
    177 C0000177              18                       0
    178 C0000178              18                       0
    179 C0000179              20                       0
    180 C0000180              20                       0
    181 C0000181               1                       0
    182 C0000182               1                       0
    183 C0000183               2                       0
    184 C0000184               2                       0
    185 C0000185       21.999981                       0
    186 C0000186       21.999981            -0.014931349
    187 C0000187               1                       0
    188 C0000188               1                       0
    189 C0000189               1                       0
    190 C0000190               1                       0
    191 C0000191               1                       0
    192 C0000192               1                       0
      0 X0000000               0                4.794314
      1 X0000001               0               2.5310969
      2 X0000002               0               7.1124008
      3 X0000003               0               2.7923912
      4 X0000004               0               4.4009019
      5 X0000005               0               3.6015938
      6 X0000006               1                       0
      7 X0000007               0               2.3727414
      8 X0000008               0               4.8241497
      9 X0000009               0               3.1576848
     10 X0000010      0.31926206                       0
     11 X0000011      0.32966625                       0
     12 X0000012               0               4.9926974
     13 X0000013               0               5.2692498
     14 X0000014   1.2442794e-09                       0
     15 X0000015               0               3.6072304
     16 X0000016    8.645499e-07                       0
     17 X0000017               0               2.3688461
     18 X0000018               0               1.5168803
     19 X0000019               0               4.4547739
     20 X0000020               0               6.8999969
     21 X0000021               0               4.4584955
     22 X0000022       0.9999916                       0
     23 X0000023               0                 1.25771
     24 X0000024               0               3.8970422
     25 X0000025               0               4.4856081
     26 X0000026    0.0075751462                       0
     27 X0000027               0               6.0898721
     28 X0000028               0               2.8827344
     29 X0000029               0               6.7828787
     30 X0000030               0               5.2797231
     31 X0000031               0               6.2678916
     32 X0000032               0               4.2945739
     33 X0000033               0               3.0460164
     34 X0000034               0               5.3436341
     35 X0000035               0                4.037026
     36 X0000036               0               4.3575296
     37 X0000037               0               4.5982974
     38 X0000038               0               4.6535746
     39 X0000039               0               4.2177556
     40 X0000040               0               5.8968033
     41 X0000041               0               4.4549388
     42 X0000042               0               3.5377538
     43 X0000043     0.036003446                       0
     44 X0000044               0               2.9073508
     45 X0000045               0               6.5809289
     46 X0000046               0               5.6467244
     47 X0000047               0                3.393791
     48 X0000048              19                       0
     49 X0000049               5                       0
     50 X0000050              13                       0
     51 X0000051              13                       0
     52 X0000052               1                       0
     53 X0000053               2                       0
     54 X0000054              10             -0.62736053
     55 X0000055              18                       0
     56 X0000056               2                       0
     57 X0000057               2                       0
     58 X0000058       11.873359                       0
     59 X0000059       20.110012                       0
     60 X0000060               1                       0
     61 X0000061               1                       0
     62 X0000062              12                       0
     63 X0000063              16                       0
     64 X0000064       21.999981                       0
     65 X0000065               1                       0
     66 X0000066               3                       0
     67 X0000067               2                       0
     68 X0000068              20                       0
     69 X0000069              12                       0
     70 X0000070       5.9999748                       0
     71 X0000071               3                       0
     72 X0000072               6                       0
     73 X0000073               1                       0
     74 X0000074       29.772746                       0
     75 X0000075               1                       0
     76 X0000076               8                       0
     77 X0000077               2                       0
     78 X0000078               1                       0
     79 X0000079               1                       0
     80 X0000080               1                       0
     81 X0000081               4                       0
     82 X0000082               1                       0
     83 X0000083               2                       0
     84 X0000084              22                       0
     85 X0000085               4                       0
     86 X0000086               2                       0
     87 X0000087              20                       0
     88 X0000088               1                       0
     89 X0000089               1                       0
     90 X0000090               1                       0
     91 X0000091       20.243928                       0
     92 X0000092              14                       0
     93 X0000093               1                       0
     94 X0000094               1                       0
     95 X0000095               4                       0
     96 X0000096           1e-06                       0
