Optimal - objective value 3.00000000
      0 C0000000             365              -1.2441359
      1 C0000001              -1                       0
      2 C0000002               1               1.6353944
      3 C0000003              -1                       0
      4 C0000004               1            0.0065969298
      5 C0000005     -0.99999842                       0
      6 C0000006               1               1.6353944
      7 C0000007              -1              0.30191286
      8 C0000008               1               1.3334815
      9 C0000009              -1               1.6353944
     10 C0000010       1.7291676                       0
     11 C0000011              -1               1.5623495
     12 C0000012               1             0.073044836
     13 C0000013              -1                0.729562
     14 C0000014               1                       0
     15 C0000015              -1               1.0154092
     16 C0000016               1                       0
     17 C0000017              -1              0.53564109
     18 C0000018               1                       0
     19 C0000019     -0.99999978                       0
     20 C0000020               1               1.6353944
     21 C0000021              -1               1.1407306
     22 C0000022               1                       0
     23 C0000023              -1              0.82812218
     24 C0000024               1                       0
     25 C0000025  -1.6489203e-06                       0
     26 C0000026               1               1.6353944
     27 C0000027     -0.35544446                       0
     28 C0000028               1               1.6353944
     29 C0000029              -1               1.6353944
     30 C0000030               3                       0
     31 C0000031              -1               0.7158089
     32 C0000032               1                       0
     33 C0000033              -1               1.5358013
     34 C0000034               1                       0
     35 C0000035              -1                       0
     36 C0000036               1              0.60197574
     37 C0000037              -1               1.4214965
     38 C0000038               1              0.21389791
     39 C0000039              -1              0.94880544
     40 C0000040               1              0.68658894
     41 C0000041              -1              0.67658472
     42 C0000042               1                       0
     43 C0000043              -1              0.71404021
     44 C0000044               1                       0
     45 C0000045              -1               1.3411744
     46 C0000046               1                       0
     47 C0000047              -1               1.1593518
     48 C0000048               1                       0
     49 C0000049              -1               1.6353944
     50 C0000050       1.5572968                       0
     51 C0000051              -1              0.99765111
     52 C0000052               1                       0
     53 C0000053              -1               1.6168678
     54 C0000054               1              0.01852654
     55 C0000055              -1                       0
     56 C0000056               1              0.16190304
     57 C0000057              -1              0.37395877
     58 C0000058               1                       0
     59 C0000059              -1              0.68048416
     60 C0000060               1                       0
     61 C0000061              -1              0.71987985
     62 C0000062               1                       0
     63 C0000063              -1               1.2047408
     64 C0000064               1                       0
     65 C0000065              -1              0.76712179
     66 C0000066               1                       0
     67 C0000067              -1                       0
     68 C0000068               1              0.68376282
     69 C0000069              -1               1.3162405
     70 C0000070               1              0.31915392
     71 C0000071              -1              0.27851552
     72 C0000072               1                       0
     73 C0000073              -1              0.65361348
     74 C0000074               1                       0
     75 C0000075              -1              0.55562168
     76 C0000076               1                       0
     77 C0000077              -1                       0
     78 C0000078               1               1.3582366
     79 C0000079              -1               1.3308625
     80 C0000080               1              0.30453193
     81 C0000081              -1              0.41710053
     82 C0000082               1                       0
     83 C0000083              -1               1.6353944
     84 C0000084        2.069517                       0
     85 C0000085              -1              0.60647667
     86 C0000086               1                       0
     87 C0000087              -1              0.62237168
     88 C0000088               1                       0
     89 C0000089              -1               1.3270738
     90 C0000090               1                       0
     91 C0000091              -1              0.38120333
     92 C0000092               1                       0
     93 C0000093              -1              0.42658072
     94 C0000094               1                       0
     95 C0000095              -1              0.80593083
     96 C0000096               1                       0
     97 C0000097        0.999998                       0
     98 C0000098              -1              -430.63113
     99 C0000099        0.999998                       0
    100 C0000100              -1              -50.643514
    101 C0000101        0.999998                       0
    102 C0000102              -1              -6.5298401
    103 C0000103           1e-06              -487.80449
    104 C0000104       3.0002685              -1.6353944
    105 C0000105       11.999991                       0
    106 C0000106       11.999991             -0.15365146
    107 C0000107       19.999998                       0
    108 C0000108       19.999998            -0.047802604
    109 C0000109       4.0937514                       0
    110 C0000110       4.0937514           -0.0047838484
    111 C0000111               1                       0
    112 C0000112               1                       0
    113 C0000113              19                       0
    114 C0000114              19                       0
    115 C0000115               4                       0
    116 C0000116               4                       0
      0 X0000000   1.5946237e-09                       0
      1 X0000001               0               1.6287975
      2 X0000002   7.8774837e-07                       0
      3 X0000003               0                       0
      4 X0000004      0.36458381                       0
      5 X0000005               0                       0
      6 X0000006               0              0.90583238
      7 X0000007               0              0.61998518
      8 X0000008               0               1.0997533
      9 X0000009    1.099155e-07                       0
     10 X0000010               0              0.49466379
     11 X0000011               0               0.8072722
     12 X0000012      0.49999918                       0
     13 X0000013      0.32227777                       0
     14 X0000014               1                       0
     15 X0000015               0              0.91958549
     16 X0000016               0              0.09959309
     17 X0000017               0               1.0334186
     18 X0000018               0                       0
     19 X0000019               0                       0
     20 X0000020               0              0.95880966
     21 X0000021               0              0.92135417
     22 X0000022               0              0.29422002
     23 X0000023               0              0.47604259
     24 X0000024      0.27864842                       0
     25 X0000025               0              0.63774327
     26 X0000026               0                       0
     27 X0000027               0               1.4734913
     28 X0000028               0               1.2614356
     29 X0000029               0              0.95491023
     30 X0000030               0              0.91551453
     31 X0000031               0              0.43065357
     32 X0000032               0              0.86827259
     33 X0000033               0              0.95163156
     34 X0000034               0                       0
     35 X0000035               0               1.3568789
     36 X0000036               0               0.9817809
     37 X0000037               0               1.0797727
     38 X0000038               0              0.27715779
     39 X0000039               0                       0
     40 X0000040               0               1.2182939
     41 X0000041      0.53475848                       0
     42 X0000042               0               1.0289177
     43 X0000043               0               1.0130227
     44 X0000044               0              0.30832063
     45 X0000045               0                1.254191
     46 X0000046               0               1.2088137
     47 X0000047               0              0.82946356
     48 X0000048               3                       0
     49 X0000049              10                       0
     50 X0000050       11.999991                       0
     51 X0000051              20                       0
     52 X0000052       4.0937514                       0
     53 X0000053               4                       0
     54 X0000054              15                       0
     55 X0000055               2                       0
     56 X0000056               2                       0
     57 X0000057       19.999998                       0
     58 X0000058               1                       0
     59 X0000059               5                       0
     60 X0000060       9.0000148                       0
     61 X0000061       14.909889                       0
     62 X0000062               8            -0.082042651
     63 X0000063               1                       0
     64 X0000064               4                       0
     65 X0000065              12                       0
     66 X0000066               8                       0
     67 X0000067              18                       0
     68 X0000068               1                       0
     69 X0000069               2                       0
     70 X0000070               8                       0
     71 X0000071               3                       0
     72 X0000072       3.8359453                       0
     73 X0000073               4                       0
     74 X0000074               2                       0
     75 X0000075               5                       0
     76 X0000076              12                       0
     77 X0000077               1                       0
     78 X0000078              16                       0
     79 X0000079               5                       0
     80 X0000080               4                       0
     81 X0000081              16                       0
     82 X0000082              10                       0
     83 X0000083               1                       0
     84 X0000084               1                       0
     85 X0000085               1                       0
     86 X0000086              19                       0
     87 X0000087              22                       0
     88 X0000088               4                       0
     89 X0000089       29.160411                       0
     90 X0000090               1                       0
     91 X0000091               1                       0
     92 X0000092              13                       0
     93 X0000093               1                       0
     94 X0000094               4                       0
     95 X0000095               2                       0
     96 X0000096           1e-06                       0
