Optimal - objective value 3.99999998
      0 C0000000             365               2.6327549
      1 C0000001              -1               1.9581477
      2 C0000002               1                       0
      3 C0000003              -1                       0
      4 C0000004               1               1.0964342
      5 C0000005     -0.99999875                       0
      6 C0000006               1               2.2328163
      7 C0000007              -1              0.77517605
      8 C0000008               1               1.4576403
      9 C0000009              -1               2.1559576
     10 C0000010               1             0.076858715
     11 C0000011              -1               2.2328163
     12 C0000012               1                       0
     13 C0000013     -0.60047893                       0
     14 C0000014               1               2.2328163
     15 C0000015              -1               1.3527868
     16 C0000016               1                       0
     17 C0000017              -1              0.24827093
     18 C0000018               1                       0
     19 C0000019              -1               1.1610257
     20 C0000020               1               1.0717906
     21 C0000021              -1               1.6204595
     22 C0000022               1                       0
     23 C0000023              -1               2.0815062
     24 C0000024               1                       0
     25 C0000025              -1                       0
     26 C0000026               1               0.4124786
     27 C0000027              -1               2.2328163
     28 C0000028       2.2009055                       0
     29 C0000029              -1                2.166131
     30 C0000030               1             0.066685386
     31 C0000031              -1               0.9162333
     32 C0000032               1                       0
     33 C0000033              -1               2.2328163
     34 C0000034       1.2763646                       0
     35 C0000035              -1               0.4228173
     36 C0000036               1                       0
     37 C0000037              -1               2.2328163
     38 C0000038       2.9334162                       0
     39 C0000039   -6.802154e-06                       0
     40 C0000040               1               2.2328163
     41 C0000041              -1               1.2185148
     42 C0000042               1                       0
     43 C0000043              -1              0.55296297
     44 C0000044               1                       0
     45 C0000045              -1                       0
     46 C0000046               1              0.23077945
     47 C0000047              -1               1.2844013
     48 C0000048               1                       0
     49 C0000049              -1               1.7743685
     50 C0000050               1                       0
     51 C0000051     -0.99999999                       0
     52 C0000052               1               2.2328163
     53 C0000053              -1               1.8331749
     54 C0000054               1                       0
     55 C0000055              -1               1.1357005
     56 C0000056               1                       0
     57 C0000057              -1              0.93578025
     58 C0000058               1               1.2970361
     59 C0000059              -1              0.71760908
     60 C0000060               1                       0
     61 C0000061              -1                       0
     62 C0000062               1               1.8761863
     63 C0000063              -1               1.0295896
     64 C0000064               1                       0
     65 C0000065              -1               1.7782449
     66 C0000066               1                       0
     67 C0000067              -1              0.68044876
     68 C0000068               1                       0
     69 C0000069              -1               1.9480818
     70 C0000070               1              0.28473456
     71 C0000071              -1              0.59854441
     72 C0000072               1                       0
     73 C0000073              -1              0.99176666
     74 C0000074               1                       0
     75 C0000075              -1              0.66662205
     76 C0000076               1                       0
     77 C0000077              -1               1.0756382
     78 C0000078               1                       0
     79 C0000079              -1              0.44306623
     80 C0000080               1               1.7897501
     81 C0000081              -1                1.256488
     82 C0000082               1                       0
     83 C0000083               0                       0
     84 C0000084               1               2.2328163
     85 C0000085              -1              0.66780212
     86 C0000086               1                       0
     87 C0000087              -1              0.67443935
     88 C0000088               1                       0
     89 C0000089              -1              0.57825493
     90 C0000090               1                       0
     91 C0000091              -1              0.61876844
     92 C0000092               1                       0
     93 C0000093              -1               1.6006795
     94 C0000094               1                       0
     95 C0000095              -1              0.88686607
     96 C0000096               1                       0
     97 C0000097               1              -942.79148
     98 C0000098       -1.000002                       0
     99 C0000099        0.999998                       0
    100 C0000100              -1              -66.944493
    101 C0000101               1              -43.652306
    102 C0000102       -1.000002                       0
    103 C0000103           1e-06              -1053.3883
    104 C0000104       2.9051009              -2.2328163
    105 C0000105       11.999992                       0
    106 C0000106       11.999992             -0.30375828
    107 C0000107               1                       0
    108 C0000108               1                       0
    109 C0000109               4                       0
    110 C0000110               4                       0
    111 C0000111       4.0000001                       0
    112 C0000112       4.0000001                       0
    113 C0000113        35.20996                       0
    114 C0000114        35.20996                       0
    115 C0000115              16                       0
    116 C0000116              16                       0
    117 C0000117              19                       0
    118 C0000118              19                       0
    119 C0000119               4                       0
    120 C0000120               4                       0
    121 C0000121               1                       0
    122 C0000122               1                       0
    123 C0000123               1                       0
    124 C0000124               1                       0
    125 C0000125               4                       0
    126 C0000126               4                       0
    127 C0000127               1                       0
    128 C0000128               1                       0
    129 C0000129               2                       0
    130 C0000130               2                       0
    131 C0000131       4.5527292                       0
    132 C0000132       4.5527292             -0.10000046
    133 C0000133       15.733665                       0
    134 C0000134       15.733665                       0
    135 C0000135               4                       0
    136 C0000136               4                       0
    137 C0000137               3                       0
    138 C0000138               3                       0
    139 C0000139               1                       0
    140 C0000140               1                       0
    141 C0000141               3                       0
    142 C0000142               3                       0
    143 C0000143              20                       0
    144 C0000144              20                       0
    145 C0000145               8                       0
    146 C0000146               8                       0
    147 C0000147               1                       0
    148 C0000148               1                       0
    149 C0000149               2                       0
    150 C0000150               2                       0
    151 C0000151              13                       0
    152 C0000152              13                       0
    153 C0000153              10                       0
    154 C0000154              10                       0
    155 C0000155       9.0000612                       0
    156 C0000156       9.0000612             -0.01169037
    157 C0000157               2                       0
    158 C0000158               2                       0
    159 C0000159               1                       0
    160 C0000160               1                       0
    161 C0000161               2                       0
    162 C0000162               2                       0
    163 C0000163               5                       0
    164 C0000164               5                       0
    165 C0000165              12                       0
    166 C0000166              12                       0
    167 C0000167       12.003592                       0
    168 C0000168       12.003592                       0
    169 C0000169              18                       0
    170 C0000170              18                       0
    171 C0000171               5                       0
    172 C0000172               5                       0
    173 C0000173             9.5                       0
    174 C0000174             9.5                       0
    175 C0000175              12                       0
    176 C0000176              12                       0
    177 C0000177              16                       0
    178 C0000178              16                       0
    179 C0000179              22                       0
    180 C0000180              22                       0
    181 C0000181              20                       0
    182 C0000182              20                       0
    183 C0000183               2                       0
    184 C0000184               2                       0
    185 C0000185               1                       0
    186 C0000186               1                       0
    187 C0000187               1                       0
    188 C0000188               1                       0
    189 C0000189               3                       0
    190 C0000190               3                       0
    191 C0000191               5                       0
    192 C0000192               5                       0
    193 C0000193               3                       0
    194 C0000194               3                       0
    195 C0000195               1                       0
    196 C0000196               1                       0
    197 C0000197              10                       0
    198 C0000198              10                       0
      0 X0000000               0              0.27466867
      1 X0000001               0               1.1363821
      2 X0000002   6.2637171e-07                       0
      3 X0000003               0                       0
      4 X0000004               0                       0
      5 X0000005   1.8892659e-08                       0
      6 X0000006      0.19976053                       0
      7 X0000007               0              0.88002956
      8 X0000008               0               1.9845454
      9 X0000009               0                       0
     10 X0000010               0              0.61235681
     11 X0000011               0              0.15131017
     12 X0000012               0               1.8203377
     13 X0000013      0.60045273                       0
     14 X0000014               0                       0
     15 X0000015               0               1.3165831
     16 X0000016      0.13818229                       0
     17 X0000017               0                1.809999
     18 X0000018      0.96670812                       0
     19 X0000019       0.4999966                       0
     20 X0000020               0               1.0143015
     21 X0000021               0               1.6798534
     22 X0000022               0               2.0020369
     23 X0000023               0                0.948415
     24 X0000024               0              0.45844783
     25 X0000025    4.881434e-09                       0
     26 X0000026               0              0.39964141
     27 X0000027               0               1.0971158
     28 X0000028               0                       0
     29 X0000029               0               1.5152073
     30 X0000030               0                 0.35663
     31 X0000031               0               1.2032267
     32 X0000032               0              0.45457142
     33 X0000033               0               1.5523676
     34 X0000034               0                       0
     35 X0000035               0               1.6342719
     36 X0000036               0               1.2410497
     37 X0000037               0               1.5661943
     38 X0000038               0               1.1571782
     39 X0000039               0                       0
     40 X0000040               0              0.97632831
     41 X0000041             0.5                       0
     42 X0000042               0               1.5650142
     43 X0000043               0                1.558377
     44 X0000044               0               1.6545614
     45 X0000045               0               1.6140479
     46 X0000046               0              0.63213684
     47 X0000047               0               1.3459503
     48 X0000048               3                       0
     49 X0000049              10                       0
     50 X0000050       11.999992                       0
     51 X0000051              20                       0
     52 X0000052               3                       0
     53 X0000053       4.0000001                       0
     54 X0000054       12.003592                       0
     55 X0000055               2                       0
     56 X0000056               2                       0
     57 X0000057              20                       0
     58 X0000058               1                       0
     59 X0000059               5                       0
     60 X0000060              18                       0
     61 X0000061        35.20996                       0
     62 X0000062               4                       0
     63 X0000063               1                       0
     64 X0000064       4.5527292                       0
     65 X0000065              12                       0
     66 X0000066       15.733665                       0
     67 X0000067       9.0000612                       0
     68 X0000068               1                       0
     69 X0000069               2                       0
     70 X0000070               8                       0
     71 X0000071               3                       0
     72 X0000072               3                       0
     73 X0000073               4                       0
     74 X0000074               2                       0
     75 X0000075               5                       0
     76 X0000076              12                       0
     77 X0000077               1                       0
     78 X0000078              16                       0
     79 X0000079               5                       0
     80 X0000080               4                       0
     81 X0000081              16                       0
     82 X0000082              10                       0
     83 X0000083               1                       0
     84 X0000084               1                       0
     85 X0000085               1                       0
     86 X0000086              19                       0
     87 X0000087              22                       0
     88 X0000088               4                       0
     89 X0000089             9.5              0.12106253
     90 X0000090               1                       0
     91 X0000091               1                       0
     92 X0000092              13                       0
     93 X0000093               1                       0
     94 X0000094               4                       0
     95 X0000095               2                       0
     96 X0000096           1e-06                       0
