Optimal - objective value 0.00000000
      0 C0000000             365                       0
      1 C0000001              -1                       0
      2 C0000002               1                       0
      3 C0000003     -0.96227531                       0
      4 C0000004               1                       0
      5 C0000005              -1                       0
      6 C0000006               1                       0
      7 C0000007              -1                       0
      8 C0000008               1                       0
      9 C0000009               0                       0
     10 C0000010               1                       0
     11 C0000011              -1                       0
     12 C0000012               1                       0
     13 C0000013     -0.32692744                       0
     14 C0000014               1                       0
     15 C0000015              -1                       0
     16 C0000016               3                       0
     17 C0000017              -1                       0
     18 C0000018               1                       0
     19 C0000019              -1                       0
     20 C0000020       2.4806726                       0
     21 C0000021              -1                       0
     22 C0000022               3                       0
     23 C0000023     -0.16719046                       0
     24 C0000024               1                       0
     25 C0000025               1                       0
     26 C0000026              -1                       0
     27 C0000027               1                       0
     28 C0000028              -1                       0
     29 C0000029               1                       0
     30 C0000030              -1                       0
      0 X0000000               0                       0
      1 X0000001     0.018862344                       0
      2 X0000002               0                       0
      3 X0000003               0                       0
      4 X0000004             0.5                       0
      5 X0000005               0                       0
      6 X0000006      0.33653628                       0
      7 X0000007               1                       0
      8 X0000008               0                       0
      9 X0000009      0.74033629                       0
     10 X0000010               1                       0
     11 X0000011      0.41640477                       0
     12 X0000012               4                       0
     13 X0000013       52.981433                       0
     14 X0000014              46                       0
     15 X0000015               7                       0
     16 X0000016             5.5                       0
     17 X0000017              63                       0
     18 X0000018       33.173186                       0
     19 X0000019              22                       0
     20 X0000020              72                       0
     21 X0000021        13.92269                       0
     22 X0000022              32                       0
     23 X0000023        13.42269                       0
     24 X0000024               0                       1
