Optimal - objective value 1.00000000
      0 C0000000             365              0.62227912
      1 C0000001              -1              0.22693764
      2 C0000002               1                       0
      3 C0000003              -1              0.73460851
      4 C0000004               1             0.011743274
      5 C0000005              -1             0.087504129
      6 C0000006               1                       0
      7 C0000007              -1              0.74635179
      8 C0000008       1.0000104                       0
      9 C0000009              -1              0.70568245
     10 C0000010               1                       0
     11 C0000011              -1              0.56635434
     12 C0000012               1                       0
     13 C0000013              -1              0.20067804
     14 C0000014               1                       0
     15 C0000015              -1             0.069630558
     16 C0000016               1                       0
     17 C0000017              -1              0.17988821
     18 C0000018               1                       0
     19 C0000019              -1              0.46145867
     20 C0000020               1                       0
     21 C0000021              -1              0.74635179
     22 C0000022       1.3202335                       0
     23 C0000023              -1              0.43741484
     24 C0000024               1                       0
     25 C0000025              -1              0.41917933
     26 C0000026               1                       0
     27 C0000027              -1              0.45809293
     28 C0000028               1                       0
     29 C0000029              -1              0.65214333
     30 C0000030               1                       0
     31 C0000031     -0.58363572                       0
     32 C0000032               1              0.74635179
     33 C0000033              -1              0.27172261
     34 C0000034               1                       0
     35 C0000035              -1              0.44444557
     36 C0000036               1                       0
     37 C0000037              -1               0.2154495
     38 C0000038               1                       0
     39 C0000039              -1              0.74635179
     40 C0000040       1.2089807                       0
     41 C0000041              -1              0.45666736
     42 C0000042               1                       0
     43 C0000043              -1              0.18356573
     44 C0000044               1                       0
     45 C0000045              -1               0.2968734
     46 C0000046               1                       0
     47 C0000047              -1              0.47017967
     48 C0000048               1                       0
     49 C0000049              -1              0.14716505
     50 C0000050               1                       0
     51 C0000051              -1              0.24727964
     52 C0000052               1                       0
     53 C0000053              -1              0.30522209
     54 C0000054               1                       0
     55 C0000055              -1              0.27482657
     56 C0000056               1                       0
     57 C0000057              -1              0.53790068
     58 C0000058               1                       0
     59 C0000059              -1              0.51057695
     60 C0000060               1                       0
     61 C0000061              -1               0.4912245
     62 C0000062               1                       0
     63 C0000063              -1              0.13923997
     64 C0000064               1                       0
     65 C0000065              -1              0.30186338
     66 C0000066               1                       0
     67 C0000067              -1              0.74635179
     68 C0000068       1.1438426                       0
     69 C0000069              -1              0.28556686
     70 C0000070               1                       0
     71 C0000071              -1              0.70111972
     72 C0000072               1                       0
     73 C0000073              -1              0.59027002
     74 C0000074               1                       0
     75 C0000075              -1                       0
     76 C0000076               1              0.74635179
     77 C0000077              -1              0.44659447
     78 C0000078               1              0.29975732
     79 C0000079              -1              0.44519961
     80 C0000080               1                       0
     81 C0000081              -1              0.64725921
     82 C0000082               1             0.099092583
     83 C0000083              -1              0.15454142
     84 C0000084               1                       0
     85 C0000085     -0.99999914                       0
     86 C0000086               1              0.74635179
     87 C0000087              -1              0.24489833
     88 C0000088               1                       0
     89 C0000089              -1                       0
     90 C0000090               1              0.37328383
     91 C0000091              -1              0.23082896
     92 C0000092               1                       0
     93 C0000093              -1              0.16544923
     94 C0000094               1                       0
     95 C0000095              -1              0.30587824
     96 C0000096               1                       0
     97 C0000097               1              -220.42119
     98 C0000098       -1.000002                       0
     99 C0000099        0.999998                       0
    100 C0000100              -1              -16.995983
    101 C0000101               1              -6.2188056
    102 C0000102       -1.000002                       0
    103 C0000103           1e-06              -243.63598
    104 C0000104      0.54471617             -0.74635179
    105 C0000105               1                       0
    106 C0000106               1                       0
    107 C0000107       7.9999966                       0
    108 C0000108       7.9999966             -0.17258989
    109 C0000109               4                       0
    110 C0000110               4                       0
    111 C0000111       17.401751                       0
    112 C0000112       17.401751           -0.0015223091
    113 C0000113               5                       0
    114 C0000114               5                       0
    115 C0000115               6                       0
    116 C0000116               6                       0
    117 C0000117               3                       0
    118 C0000118               3                       0
    119 C0000119               2                       0
    120 C0000120               2                       0
    121 C0000121               2                       0
    122 C0000122               2                       0
    123 C0000123               1                       0
    124 C0000124               1                       0
    125 C0000125               4                       0
    126 C0000126               4                       0
    127 C0000127              19                       0
    128 C0000128              19                       0
      0 X0000000               0              0.51941415
      1 X0000001               0                       0
      2 X0000002               0              0.65884766
      3 X0000003   5.2203431e-06                       0
      4 X0000004               0             0.040669339
      5 X0000005               0              0.17999745
      6 X0000006               0              0.54567375
      7 X0000007               0              0.67672123
      8 X0000008               0              0.56646358
      9 X0000009               0              0.28489312
     10 X0000010      0.16011677                       0
     11 X0000011               0              0.30893695
     12 X0000012               0              0.32717246
     13 X0000013               0              0.28825886
     14 X0000014               0              0.09420846
     15 X0000015      0.20818214                       0
     16 X0000016               0              0.47462918
     17 X0000017               0              0.30190621
     18 X0000018               0              0.53090229
     19 X0000019      0.10449033                       0
     20 X0000020               0              0.28968443
     21 X0000021               0              0.56278606
     22 X0000022               0              0.44947839
     23 X0000023               0              0.27617211
     24 X0000024               0              0.59918674
     25 X0000025               0              0.49907214
     26 X0000026               0               0.4411297
     27 X0000027               0              0.47152522
     28 X0000028               0              0.20845111
     29 X0000029               0              0.23577484
     30 X0000030               0              0.25512729
     31 X0000031               0              0.60711182
     32 X0000032               0              0.44448841
     33 X0000033     0.071921281                       0
     34 X0000034               0              0.46078493
     35 X0000035               0             0.045232063
     36 X0000036               0              0.15608177
     37 X0000037   1.5223007e-09                       0
     38 X0000038               0                       0
     39 X0000039               0              0.30115218
     40 X0000040               0                       0
     41 X0000041               0              0.59181037
     42 X0000042    4.306575e-07                       0
     43 X0000043               0              0.50145346
     44 X0000044               0              0.37306796
     45 X0000045               0              0.51552283
     46 X0000046               0              0.58090256
     47 X0000047               0              0.44047355
     48 X0000048               6                       0
     49 X0000049              19                       0
     50 X0000050               7                       0
     51 X0000051       4.0000209                       0
     52 X0000052               4                       0
     53 X0000053               3                       0
     54 X0000054               1                       0
     55 X0000055               3                       0
     56 X0000056               2                       0
     57 X0000057               3                       0
     58 X0000058       17.401751                       0
     59 X0000059               4                       0
     60 X0000060               1                       0
     61 X0000061               8                       0
     62 X0000062               4                       0
     63 X0000063       19.003629                       0
     64 X0000064              18                       0
     65 X0000065               5                       0
     66 X0000066              16                       0
     67 X0000067        9.940413                       0
     68 X0000068               2                       0
     69 X0000069               1                       0
     70 X0000070               2                       0
     71 X0000071               6                       0
     72 X0000072              23                       0
     73 X0000073               1                       0
     74 X0000074              10                       0
     75 X0000075               1                       0
     76 X0000076              14                       0
     77 X0000077               4                       0
     78 X0000078               3                       0
     79 X0000079              13                       0
     80 X0000080               1                       0
     81 X0000081       24.654189                       0
     82 X0000082               4                       0
     83 X0000083               4                       0
     84 X0000084               6                       0
     85 X0000085               1                       0
     86 X0000086              20                       0
     87 X0000087               4                       0
     88 X0000088              19                       0
     89 X0000089               9                       0
     90 X0000090       7.9999966                       0
     91 X0000091               2                       0
     92 X0000092              19                       0
     93 X0000093               3                       0
     94 X0000094               1                       0
     95 X0000095               5                       0
     96 X0000096           1e-06                       0
