Optimal - objective value 45.99999978
      0 C0000000             365              -98.270138
      1 C0000001              -1               46.392721
      2 C0000002       1.7463411                       0
      3 C0000003     -0.75040847                       0
      4 C0000004               1               46.392721
      5 C0000005     -0.99999999                       0
      6 C0000006               1               46.392721
      7 C0000007              -1               38.795327
      8 C0000008               1               7.5973937
      9 C0000009      -0.9999966                       0
     10 C0000010               1               46.392721
     11 C0000011              -1               15.849988
     12 C0000012               1               30.542733
     13 C0000013              -1                       0
     14 C0000014               1               28.688403
     15 C0000015              -1               46.392721
     16 C0000016       2.6795247                       0
     17 C0000017     -0.98635895                       0
     18 C0000018               1               46.392721
     19 C0000019              -1               46.392721
     20 C0000020               3                       0
     21 C0000021              -1               37.349077
     22 C0000022               1               9.0436439
     23 C0000023  -1.0993615e-13                       0
     24 C0000024               1               46.392721
     25 C0000025        0.999998                       0
     26 C0000026              -1              -35575.892
     27 C0000027        0.999998                       0
     28 C0000028              -1              -477.98748
     29 C0000029      0.99999801                       0
     30 C0000030              -1                       0
     31 C0000031           1e-06              -36053.879
     32 C0000032       2.8445509              -46.392721
     33 C0000033       10.999981                       0
     34 C0000034       10.999981               -3.735854
     35 C0000035            11.5                       0
     36 C0000036            11.5                       0
     37 C0000037       47.261029                       0
     38 C0000038       47.261029             -0.21908331
     39 C0000039       71.508922                       0
     40 C0000040       71.508922                       0
     41 C0000041       5.4926823                       0
     42 C0000042       5.4926823                       0
     43 C0000043              16                       0
     44 C0000044              16                       0
     45 C0000045              16                       0
     46 C0000046              16                       0
     47 C0000047       20.237386                       0
     48 C0000048       20.237386                       0
     49 C0000049               7                       0
     50 C0000050               7                       0
     51 C0000051              50                       0
     52 C0000052              50                       0
      0 X0000000      0.37317057                       0
      1 X0000001      0.12479577                       0
      2 X0000002   4.7627241e-09                       0
      3 X0000003               0                       0
      4 X0000004   1.7017918e-06                       0
      5 X0000005               0                       0
      6 X0000006               0               17.704318
      7 X0000007      0.83976234                       0
      8 X0000008    0.0068205244                       0
      9 X0000009               1                       0
     10 X0000010               0                       0
     11 X0000011             0.5                       0
     12 X0000012       5.4926823                       0
     13 X0000013       47.261029                       0
     14 X0000014              46                       0
     15 X0000015               7                       0
     16 X0000016       10.999981                       0
     17 X0000017              63                       0
     18 X0000018              50                       0
     19 X0000019       20.237386                       0
     20 X0000020       71.508922                       0
     21 X0000021              16               -3.413984
     22 X0000022              16                       0
     23 X0000023            11.5               1.9245686
     24 X0000024           1e-06                       0
