Optimal - objective value 3.00026755
      0 C0000000             365             -0.78039567
      1 C0000001              -1              0.83295943
      2 C0000002               1                       0
      3 C0000003              -1                       0
      4 C0000004               1            0.0020696369
      5 C0000005              -1              0.14799738
      6 C0000006               1                       0
      7 C0000007              -1                       0
      8 C0000008               1              0.66291132
      9 C0000009              -1                       1
     10 C0000010       1.7291778                       0
     11 C0000011              -1               0.9081095
     12 C0000012               1                       0
     13 C0000013              -1              0.46587439
     14 C0000014               1                       0
     15 C0000015              -1              0.61651174
     16 C0000016               1                       0
     17 C0000017              -1              0.32797055
     18 C0000018               1                       0
     19 C0000019              -1              0.29911521
     20 C0000020               1              0.70088479
     21 C0000021              -1              0.69321995
     22 C0000022               1                       0
     23 C0000023              -1              0.49333525
     24 C0000024               1                       0
     25 C0000025   -8.024133e-14                       0
     26 C0000026               1                       1
     27 C0000027     -0.35544389                       0
     28 C0000028               1                       1
     29 C0000029              -1                       1
     30 C0000030               3                       0
     31 C0000031              -1              0.43388465
     32 C0000032               1                       0
     33 C0000033              -1              0.93731505
     34 C0000034               1                       0
     35 C0000035              -1                       0
     36 C0000036               1              0.37961982
     37 C0000037              -1              0.85562291
     38 C0000038               1              0.14437709
     39 C0000039              -1              0.60006392
     40 C0000040               1              0.39993608
     41 C0000041              -1              0.41060449
     42 C0000042               1                       0
     43 C0000043              -1               0.4369685
     44 C0000044               1                       0
     45 C0000045              -1              0.81064783
     46 C0000046               1                       0
     47 C0000047              -1              0.70427002
     48 C0000048               1                       0
     49 C0000049              -1                       1
     50 C0000050       1.5572826                       0
     51 C0000051              -1              0.60296154
     52 C0000052               1                       0
     53 C0000053              -1              0.97423431
     54 C0000054               1                       0
     55 C0000055              -1                       0
     56 C0000056               1             0.098372824
     57 C0000057              -1              0.23564306
     58 C0000058               1                       0
     59 C0000059              -1               0.4146513
     60 C0000060               1                       0
     61 C0000061              -1              0.42882086
     62 C0000062               1                       0
     63 C0000063              -1              0.74191167
     64 C0000064               1                       0
     65 C0000065              -1              0.47145986
     66 C0000066               1                       0
     67 C0000067              -1              0.30518611
     68 C0000068               1              0.69481389
     69 C0000069              -1              0.61432727
     70 C0000070               1                       0
     71 C0000071              -1              0.16817982
     72 C0000072               1                       0
     73 C0000073              -1              0.39410631
     74 C0000074               1                       0
     75 C0000075              -1              0.33632873
     76 C0000076               1                       0
     77 C0000077              -1                       0
     78 C0000078               1               0.8485181
     79 C0000079              -1              0.84521395
     80 C0000080               1              0.15478605
     81 C0000081              -1               0.2608028
     82 C0000082               1                       0
     83 C0000083              -1                       1
     84 C0000084       2.0695186                       0
     85 C0000085              -1              0.37044049
     86 C0000086               1                       0
     87 C0000087              -1              0.37988256
     88 C0000088               1                       0
     89 C0000089              -1              0.80077259
     90 C0000090               1                       0
     91 C0000091              -1              0.23304755
     92 C0000092               1                       0
     93 C0000093              -1              0.26073744
     94 C0000094               1                       0
     95 C0000095              -1              0.49543626
     96 C0000096               1                       0
     97 C0000097        0.999998                       0
     98 C0000098              -1                -271.467
     99 C0000099        0.999998                       0
    100 C0000100              -1              -30.685251
    101 C0000101        0.999998                       0
    102 C0000102              -1              -3.2696567
    103 C0000103           1e-06              -305.42191
      0 X0000000               0              0.16704057
      1 X0000001               0              0.99793036
      2 X0000002               0              0.85200262
      3 X0000003               0              0.33708868
      4 X0000004       0.3645889                       0
      5 X0000005               0             0.091890502
      6 X0000006               0              0.53412561
      7 X0000007               0              0.38348826
      8 X0000008               0              0.67202945
      9 X0000009               0                       0
     10 X0000010               0              0.30678005
     11 X0000011               0              0.50666475
     12 X0000012             0.5                       0
     13 X0000013      0.32227805                       0
     14 X0000014               1                       0
     15 X0000015               0              0.56611535
     16 X0000016               0             0.062684947
     17 X0000017               0              0.62038018
     18 X0000018               0                       0
     19 X0000019               0                       0
     20 X0000020               0              0.58939551
     21 X0000021               0               0.5630315
     22 X0000022               0              0.18935217
     23 X0000023               0              0.29572998
     24 X0000024      0.27864131                       0
     25 X0000025               0              0.39703846
     26 X0000026               0              0.02576569
     27 X0000027               0              0.90162718
     28 X0000028               0              0.76435694
     29 X0000029               0               0.5853487
     30 X0000030               0              0.57117914
     31 X0000031               0              0.25808833
     32 X0000032               0              0.52854014
     33 X0000033               0                       0
     34 X0000034               0              0.38567273
     35 X0000035               0              0.83182018
     36 X0000036               0              0.60589369
     37 X0000037               0              0.66367127
     38 X0000038               0               0.1514819
     39 X0000039               0                       0
     40 X0000040               0               0.7391972
     41 X0000041      0.53475929                       0
     42 X0000042               0              0.62955951
     43 X0000043               0              0.62011744
     44 X0000044               0              0.19922741
     45 X0000045               0              0.76695245
     46 X0000046               0              0.73926256
     47 X0000047               0              0.50456374
     48 X0000048               3                       0
     49 X0000049              10                       0
     50 X0000050              12                       0
     51 X0000051              20                       0
     52 X0000052       4.0937667                       0
     53 X0000053               4                       0
     54 X0000054              15                       0
     55 X0000055               2                       0
     56 X0000056               2                       0
     57 X0000057              20                       0
     58 X0000058               1                       0
     59 X0000059               5                       0
     60 X0000060               9            0.0018186103
     61 X0000061       14.909883                       0
     62 X0000062               8            -0.046369928
     63 X0000063               1                       0
     64 X0000064               4                       0
     65 X0000065              12                       0
     66 X0000066               8                       0
     67 X0000067              18                       0
     68 X0000068               1                       0
     69 X0000069               2                       0
     70 X0000070               8                       0
     71 X0000071               3                       0
     72 X0000072       3.8359239                       0
     73 X0000073               4                       0
     74 X0000074               2                       0
     75 X0000075               5                       0
     76 X0000076              12                       0
     77 X0000077               1                       0
     78 X0000078              16                       0
     79 X0000079               5                       0
     80 X0000080               4                       0
     81 X0000081              16                       0
     82 X0000082              10                       0
     83 X0000083               1                       0
     84 X0000084               1                       0
     85 X0000085               1                       0
     86 X0000086              19                       0
     87 X0000087              22                       0
     88 X0000088               4                       0
     89 X0000089       29.160427                       0
     90 X0000090               1                       0
     91 X0000091               1                       0
     92 X0000092              13                       0
     93 X0000093               1                       0
     94 X0000094               4                       0
     95 X0000095               2                       0
     96 X0000096           1e-06                       0
