Optimal - objective value 58.86570052
      0 C0000000             365               558.98578
      1 C0000001     -0.69718684                       0
      2 C0000002               1               162.28415
      3 C0000003              -1               162.28415
      4 C0000004               1                       0
      5 C0000005              -1               162.28415
      6 C0000006       1.6135957                       0
      7 C0000007              -1               162.28415
      8 C0000008       2.9999995                       0
      9 C0000009  -3.7994472e-08                       0
     10 C0000010               1               162.28415
     11 C0000011   -0.0024318112                       0
     12 C0000012               1               162.28415
     13 C0000013  -5.0154144e-14                       0
     14 C0000014               1               162.28415
     15 C0000015              -1               162.28415
     16 C0000016       2.9999982                       0
     17 C0000017              -1               30.487616
     18 C0000018               1               131.79654
     19 C0000019  -2.5605804e-07                       0
     20 C0000020               1               162.28415
     21 C0000021              -1               95.839379
     22 C0000022               1               66.444773
     23 C0000023              -1               162.28415
     24 C0000024       1.0298517                       0
     25 C0000025               1              -206732.41
     26 C0000026       -1.001098                       0
     27 C0000027      0.99890196                       0
     28 C0000028              -1                -1733.98
     29 C0000029      0.99890196                       0
     30 C0000030              -1              -2279.8643
     31 C0000031   0.00054902028              -210746.25
     32 C0000032       4.4719131              -162.28415
     33 C0000033       19.999998                       0
     34 C0000034       19.999998              -25.017572
     35 C0000035            10.5                       0
     36 C0000036            10.5                       0
     37 C0000037       3.0072954                       0
     38 C0000038       3.0072954              -21.412214
     39 C0000039       35.999984                       0
     40 C0000040       35.999984              -1.6131632
     41 C0000041       5.5000002                       0
     42 C0000042       5.5000002                       0
     43 C0000043       10.454383                       0
     44 C0000044       10.454383                       0
     45 C0000045        4.000001                       0
     46 C0000046        4.000001                       0
     47 C0000047       65.000001                       0
     48 C0000048       65.000001             -0.34830355
      0 X0000000      0.15140658                       0
      1 X0000001   1.2031992e-08                       0
      2 X0000002      0.30679784                       0
      3 X0000003      0.99999977                       0
      4 X0000004      0.49999998                       0
      5 X0000005      0.49878409                       0
      6 X0000006             0.5                       0
      7 X0000007      0.99999909                       0
      8 X0000008               0                       0
      9 X0000009      0.49999987                       0
     10 X0000010               0                       0
     11 X0000011     0.014925871                       0
     12 X0000012       46.672638                       0
     13 X0000013       65.000001                       0
     14 X0000014       10.454383                       0
     15 X0000015       19.999998                       0
     16 X0000016       5.5000002                       0
     17 X0000017       3.0072954                       0
     18 X0000018            10.5               15.484406
     19 X0000019       35.999984                       0
     20 X0000020              81                       0
     21 X0000021        4.000001                       0
     22 X0000022              24                       0
     23 X0000023       58.865701                       0
     24 X0000024   0.00054902028                       0
