Optimal - objective value 8.16240093
      0 C0000000             365             -0.55341516
      1 C0000001              -1                       0
      2 C0000002               1                3.423331
      3 C0000003              -1                       0
      4 C0000004               1                12.84252
      5 C0000005              -1               16.337917
      6 C0000006               1                       0
      7 C0000007              -1                17.26006
      8 C0000008       2.2649604                       0
      9 C0000009              -1               12.278296
     10 C0000010               1                       0
     11 C0000011              -1                17.26006
     12 C0000012       1.0000001                       0
     13 C0000013              -1                17.26006
     14 C0000014       2.2601197                       0
     15 C0000015     -0.99999762                       0
     16 C0000016               1                17.26006
     17 C0000017  -6.6708372e-09                       0
     18 C0000018               1                17.26006
     19 C0000019              -1                17.26006
     20 C0000020               3                       0
     21 C0000021     -0.99999999                       0
     22 C0000022               1                17.26006
     23 C0000023              -1               15.369002
     24 C0000024               1                       0
     25 C0000025              -1                16.86429
     26 C0000026               1                       0
     27 C0000027              -1               15.816655
     28 C0000028               1                       0
     29 C0000029              -1                       0
     30 C0000030               1                8.137688
     31 C0000031              -1               7.9819958
     32 C0000032               1                       0
     33 C0000033              -1               9.5545013
     34 C0000034               1                       0
     35 C0000035              -1               15.151796
     36 C0000036               1                       0
     37 C0000037     -0.47685129                       0
     38 C0000038               1                17.26006
     39 C0000039              -1               14.733683
     40 C0000040               1                       0
     41 C0000041              -1               7.6003793
     42 C0000042               1                       0
     43 C0000043              -1                       0
     44 C0000044               1               7.8531769
     45 C0000045              -1                       0
     46 C0000046               1               1.0909096
     47 C0000047              -1                17.26006
     48 C0000048       1.4028787                       0
     49 C0000049               1                       0
     50 C0000050       -1.000002                       0
     51 C0000051        0.999998                       0
     52 C0000052              -1              -425.80769
     53 C0000053               1                       0
     54 C0000054       -1.000002                       0
     55 C0000055           1e-06              -425.80769
     56 C0000056        3.225555               -17.26006
     57 C0000057       21.999974                       0
     58 C0000058       21.999974             -0.29964505
     59 C0000059               1                       0
     60 C0000060               1                       0
     61 C0000061              16                       0
     62 C0000062              16                       0
     63 C0000063               4                       0
     64 C0000064               4                       0
     65 C0000065              35                       0
     66 C0000066              35            -0.029083578
     67 C0000067               2                       0
     68 C0000068               2                       0
     69 C0000069               4                       0
     70 C0000070               4                       0
     71 C0000071               1                       0
     72 C0000072               1                       0
     73 C0000073              14                       0
     74 C0000074              14                       0
     75 C0000075       30.971137                       0
     76 C0000076       30.971137              -0.2671101
     77 C0000077        18.02159                       0
     78 C0000078        18.02159             -0.12834225
     79 C0000079       3.0000001                       0
     80 C0000080       3.0000001                       0
     81 C0000081              12                       0
     82 C0000082              12                       0
     83 C0000083              22                       0
     84 C0000084              22                       0
     85 C0000085              18                       0
     86 C0000086              18                       0
     87 C0000087              34                       0
     88 C0000088              34                       0
     89 C0000089               5                       0
     90 C0000090               5                       0
     91 C0000091       25.844898                       0
     92 C0000092       25.844898             -0.17398806
     93 C0000093              35                       0
     94 C0000094              35                       0
     95 C0000095              15                       0
     96 C0000096              15                       0
     97 C0000097               3                       0
     98 C0000098               3                       0
     99 C0000099               3                       0
    100 C0000100               3                       0
      0 X0000000               0               13.836729
      1 X0000001               0                 4.41754
      2 X0000002               0              0.92214246
      3 X0000003      0.63248019                       0
      4 X0000004               0               4.9817638
      5 X0000005   3.9199868e-08                       0
      6 X0000006      0.63005985                       0
      7 X0000007    1.192019e-06                       0
      8 X0000008             0.5                       0
      9 X0000009               1                       0
     10 X0000010   6.1796645e-09                       0
     11 X0000011               0               1.8910579
     12 X0000012               0              0.39576917
     13 X0000013               0               1.4434049
     14 X0000014               0               9.1223716
     15 X0000015               0               9.2780638
     16 X0000016               0               7.7055583
     17 X0000017               0               2.1082639
     18 X0000018      0.26157435                       0
     19 X0000019               0               2.5263762
     20 X0000020               0               9.6596802
     21 X0000021               0               9.4068827
     22 X0000022               0                16.16915
     23 X0000023      0.20143936                       0
     24 X0000024              18                       0
     25 X0000025              34                       0
     26 X0000026              15                       0
     27 X0000027       8.1624009                       0
     28 X0000028               2                       0
     29 X0000029       3.0000001                       0
     30 X0000030       30.971137                       0
     31 X0000031       21.999974                       0
     32 X0000032              16                       0
     33 X0000033              14              -1.5486905
     34 X0000034              35                       0
     35 X0000035               4                       0
     36 X0000036              12                       0
     37 X0000037               5                       0
     38 X0000038              33                       0
     39 X0000039               3                       0
     40 X0000040               1                       0
     41 X0000041               4                       0
     42 X0000042       25.844898                       0
     43 X0000043               3                       0
     44 X0000044               1                       0
     45 X0000045              35                       0
     46 X0000046              22                       0
     47 X0000047        18.02159                       0
     48 X0000048           1e-06                       0
