Optimal - objective value 26.99999982
      0 C0000000             365               31.245726
      1 C0000001              -1               58.425093
      2 C0000002       1.0000002                       0
      3 C0000003     -0.89726547                       0
      4 C0000004               1               58.425093
      5 C0000005  -7.9966054e-14                       0
      6 C0000006               1               58.425093
      7 C0000007              -1               32.351726
      8 C0000008               1                       0
      9 C0000009              -1               49.995515
     10 C0000010               1                       0
     11 C0000011              -1               20.109331
     12 C0000012               1                       0
     13 C0000013              -1               50.900081
     14 C0000014               1               7.5250124
     15 C0000015              -1               35.895324
     16 C0000016               1                       0
     17 C0000017              -1               58.425093
     18 C0000018               3                       0
     19 C0000019              -1               40.463231
     20 C0000020               1               17.961862
     21 C0000021              -1               18.765259
     22 C0000022               1               39.659835
     23 C0000023     -0.99999994                       0
     24 C0000024               1               58.425093
     25 C0000025              -1               53.769656
     26 C0000026               1                       0
     27 C0000027              -1               57.609592
     28 C0000028               1                       0
     29 C0000029              -1                       0
     30 C0000030               1               1.2929692
     31 C0000031     -0.79027583                       0
     32 C0000032               1               58.425093
     33 C0000033              -1               58.425093
     34 C0000034       2.3601591                       0
     35 C0000035              -1               56.178429
     36 C0000036               1                       0
     37 C0000037     -0.99999999                       0
     38 C0000038               1               58.425093
     39 C0000039              -1               27.274879
     40 C0000040               1                       0
     41 C0000041              -1               39.440546
     42 C0000042               1                       0
     43 C0000043              -1               58.425093
     44 C0000044        1.110739                       0
     45 C0000045              -1               58.425093
     46 C0000046       1.0000443                       0
     47 C0000047              -1               47.200928
     48 C0000048               1                       0
     49 C0000049               1              -12254.851
     50 C0000050       -1.000002                       0
     51 C0000051        0.999998                       0
     52 C0000052              -1              -1253.2535
     53 C0000053        0.999998                       0
     54 C0000054              -1              -383.67262
     55 C0000055           1e-06              -13891.777
     56 C0000056       2.3917007              -58.425093
     57 C0000057       1.9999999                       0
     58 C0000058       1.9999999              -56.787782
     59 C0000059       10.080477                       0
     60 C0000060       10.080477              -0.8644339
     61 C0000061              28                       0
     62 C0000062              28                       0
     63 C0000063       36.700655                       0
     64 C0000064       36.700655             -0.17758598
     65 C0000065       30.605716                       0
     66 C0000066       30.605716                       0
     67 C0000067               2                       0
     68 C0000068               2                       0
     69 C0000069               3                       0
     70 C0000070               3                       0
     71 C0000071               4                       0
     72 C0000072               4                       0
     73 C0000073              36                       0
     74 C0000074              36                       0
     75 C0000075              15                       0
     76 C0000076              15                       0
     77 C0000077               8                       0
     78 C0000078               8                       0
     79 C0000079       3.0000665                       0
     80 C0000080       3.0000665                       0
     81 C0000081              12                       0
     82 C0000082              12                       0
     83 C0000083              18                       0
     84 C0000084              18                       0
     85 C0000085       25.613084                       0
     86 C0000086       25.613084                       0
     87 C0000087               6                       0
     88 C0000088               6                       0
     89 C0000089              43                       0
     90 C0000090              43                       0
     91 C0000091              18                       0
     92 C0000092              18                       0
      0 X0000000   1.0111477e-07                       0
      1 X0000001     0.051367266                       0
      2 X0000002             0.5                       0
      3 X0000003               0               26.073367
      4 X0000004               0               8.4295785
      5 X0000005               0               38.315763
      6 X0000006               0                       0
      7 X0000007               0                22.52977
      8 X0000008               1                       0
      9 X0000009               0                       0
     10 X0000010               0                       0
     11 X0000011      2.9927e-08                       0
     12 X0000012               0               4.6554377
     13 X0000013               0               0.8155017
     14 X0000014               0               57.132124
     15 X0000015      0.10486208                       0
     16 X0000016      0.68007953                       0
     17 X0000017               0               2.2466649
     18 X0000018    6.577233e-09                       0
     19 X0000019               0               31.150214
     20 X0000020               0               18.984547
     21 X0000021     0.055369521                       0
     22 X0000022   2.2168365e-05                       0
     23 X0000023               0               11.224166
     24 X0000024       20.000002                       0
     25 X0000025       25.613084                       0
     26 X0000026              18              0.70468965
     27 X0000027               2                       0
     28 X0000028               4                       0
     29 X0000029               3                       0
     30 X0000030               4                       0
     31 X0000031               4                       0
     32 X0000032              36              -1.1216336
     33 X0000033              28                       0
     34 X0000034              43                       0
     35 X0000035       1.9999999                       0
     36 X0000036               6                       0
     37 X0000037              15                       0
     38 X0000038              18                       0
     39 X0000039       36.700655                       0
     40 X0000040       10.080477                       0
     41 X0000041               6                       0
     42 X0000042              27                       0
     43 X0000043               8                       0
     44 X0000044               3                       0
     45 X0000045       30.605716                       0
     46 X0000046       3.0000665                       0
     47 X0000047              12                       0
     48 X0000048           1e-06                       0
