Optimal - objective value 15.99999994
      0 C0000000             365              -11.277686
      1 C0000001              -1               2.6875801
      2 C0000002               1                       0
      3 C0000003              -1                       0
      4 C0000004               1                14.18874
      5 C0000005              -1               5.6871519
      6 C0000006               1                       0
      7 C0000007              -1               23.784712
      8 C0000008       1.1102115                       0
      9 C0000009              -1               22.793042
     10 C0000010               1                       0
     11 C0000011              -1               22.839878
     12 C0000012               1              0.94483352
     13 C0000013              -1               7.3485259
     14 C0000014               1                       0
     15 C0000015              -1               2.0972236
     16 C0000016               1                       0
     17 C0000017              -1               7.2616366
     18 C0000018               1                       0
     19 C0000019              -1               11.375538
     20 C0000020               1                       0
     21 C0000021              -1                       0
     22 C0000022               1               7.2340478
     23 C0000023              -1               2.8682218
     24 C0000024               1                       0
     25 C0000025              -1               12.565254
     26 C0000026               1                       0
     27 C0000027              -1               12.425423
     28 C0000028               1                       0
     29 C0000029              -1               23.784712
     30 C0000030       2.1722007                       0
     31 C0000031              -1               23.784712
     32 C0000032       1.5086614                       0
     33 C0000033     -0.99995346                       0
     34 C0000034               1               23.784712
     35 C0000035              -1               8.4950835
     36 C0000036               1                       0
     37 C0000037     -0.99999999                       0
     38 C0000038               1               23.784712
     39 C0000039              -1               14.261398
     40 C0000040               1                       0
     41 C0000041              -1               9.0901558
     42 C0000042               1                       0
     43 C0000043              -1               6.2904355
     44 C0000044               1                       0
     45 C0000045              -1               9.8448442
     46 C0000046               1                       0
     47 C0000047              -1               1.6923857
     48 C0000048               1                       0
     49 C0000049              -1               7.2867914
     50 C0000050               1                16.49792
     51 C0000051              -1               8.5619838
     52 C0000052               1                       0
     53 C0000053              -1               6.6190598
     54 C0000054               1                       0
     55 C0000055              -1               7.8658844
     56 C0000056               1                       0
     57 C0000057              -1               12.396547
     58 C0000058               1                       0
     59 C0000059              -1               10.700285
     60 C0000060               1                       0
     61 C0000061              -1               16.667047
     62 C0000062               1                       0
     63 C0000063              -1                       0
     64 C0000064               1               5.2388167
     65 C0000065              -1               10.762456
     66 C0000066               1                       0
     67 C0000067              -1                       0
     68 C0000068               1               8.4625516
     69 C0000069              -1               10.920847
     70 C0000070               1                       0
     71 C0000071              -1               11.458948
     72 C0000072               1                       0
     73 C0000073              -1                13.19258
     74 C0000074               1                       0
     75 C0000075              -1               8.1877228
     76 C0000076               1                       0
     77 C0000077              -1               9.0552854
     78 C0000078               1               14.729426
     79 C0000079              -1               21.195857
     80 C0000080               1               2.5888549
     81 C0000081    -0.087542975                       0
     82 C0000082               1               23.784712
     83 C0000083              -1                       0
     84 C0000084               1               7.4239421
     85 C0000085              -1                       0
     86 C0000086               1               5.2120105
     87 C0000087              -1               7.4711667
     88 C0000088               1                       0
     89 C0000089              -1                       0
     90 C0000090               1               6.9973934
     91 C0000091              -1               5.1558555
     92 C0000092               1                       0
     93 C0000093              -1               3.0744843
     94 C0000094               1                       0
     95 C0000095              -1               13.509852
     96 C0000096               1                       0
     97 C0000097        0.999998                       0
     98 C0000098              -1              -3540.6735
     99 C0000099        0.999998                       0
    100 C0000100              -1              -590.67636
    101 C0000101        0.999998                       0
    102 C0000102              -1              -288.36964
    103 C0000103           1e-06              -4419.7195
    104 C0000104       1.3517885              -23.784712
    105 C0000105       17.999581                       0
    106 C0000106       17.999581            -0.056654256
    107 C0000107               1                       0
    108 C0000108               1                       0
    109 C0000109               8                       0
    110 C0000110               8                       0
    111 C0000111               3                       0
    112 C0000112               3                       0
    113 C0000113               2                       0
    114 C0000114               2                       0
    115 C0000115               9                       0
    116 C0000116               9                       0
    117 C0000117              23                       0
    118 C0000118              23                       0
    119 C0000119               2                       0
    120 C0000120               2                       0
    121 C0000121               1                       0
    122 C0000122               1                       0
    123 C0000123              13                       0
    124 C0000124              13                       0
    125 C0000125               1                       0
    126 C0000126               1                       0
    127 C0000127               1                       0
    128 C0000128               1                       0
    129 C0000129               4                       0
    130 C0000130               4                       0
    131 C0000131               6                       0
    132 C0000132               6                       0
    133 C0000133       6.3444014                       0
    134 C0000134       6.3444014                       0
    135 C0000135               1                       0
    136 C0000136               1                       0
    137 C0000137               1                       0
    138 C0000138               1                       0
    139 C0000139               5                       0
    140 C0000140               5                       0
    141 C0000141               3                       0
    142 C0000142               3                       0
    143 C0000143               7                       0
    144 C0000144               7                       0
    145 C0000145               2                       0
    146 C0000146               2                       0
    147 C0000147               8                       0
    148 C0000148               8                       0
    149 C0000149               3                       0
    150 C0000150               3                       0
    151 C0000151               9                       0
    152 C0000152               9                       0
    153 C0000153               4                       0
    154 C0000154               4                       0
      0 X0000000               0               21.097132
      1 X0000001               0               9.5959719
      2 X0000002               0                18.09756
      3 X0000003     0.055105746                       0
      4 X0000004               0              0.99166923
      5 X0000005               0                       0
      6 X0000006               0               16.436186
      7 X0000007               0               21.687488
      8 X0000008               0               16.523075
      9 X0000009               0               12.409173
     10 X0000010               0               16.550664
     11 X0000011               0                20.91649
     12 X0000012               0               11.219457
     13 X0000013               0               11.359288
     14 X0000014      0.58610034                       0
     15 X0000015      0.25433068                       0
     16 X0000016   2.3267901e-05                       0
     17 X0000017               0               15.289628
     18 X0000018   3.5408637e-09                       0
     19 X0000019               0               9.5233132
     20 X0000020               0               14.694556
     21 X0000021               0               17.494276
     22 X0000022               0               13.939867
     23 X0000023               0               22.092326
     24 X0000024               0                       0
     25 X0000025               0               15.222728
     26 X0000026               0               17.165652
     27 X0000027               0               15.918827
     28 X0000028               0               11.388165
     29 X0000029               0               13.084426
     30 X0000030               0               7.1176645
     31 X0000031               0               18.545895
     32 X0000032               0               13.022256
     33 X0000033               0                15.32216
     34 X0000034               0               12.863865
     35 X0000035               0               12.325763
     36 X0000036               0               10.592132
     37 X0000037               0               15.596989
     38 X0000038               0                       0
     39 X0000039               0                       0
     40 X0000040      0.45622851                       0
     41 X0000041               0                16.36077
     42 X0000042               0               18.572701
     43 X0000043               0               16.313545
     44 X0000044               0               16.787318
     45 X0000045               0               18.628856
     46 X0000046               0               20.710227
     47 X0000047               0                10.27486
     48 X0000048               6                       0
     49 X0000049              19                       0
     50 X0000050               7                       0
     51 X0000051        4.220423                       0
     52 X0000052               4                       0
     53 X0000053               3                       0
     54 X0000054               1                       0
     55 X0000055               3                       0
     56 X0000056               2                       0
     57 X0000057               3                       0
     58 X0000058              15                       0
     59 X0000059               4                       0
     60 X0000060               1                       0
     61 X0000061               8                       0
     62 X0000062       6.3444014                       0
     63 X0000063       30.103936                       0
     64 X0000064       17.999581                       0
     65 X0000065               5                       0
     66 X0000066              16                       0
     67 X0000067               9                       0
     68 X0000068               2                       0
     69 X0000069               1                       0
     70 X0000070               2                       0
     71 X0000071               6                       0
     72 X0000072              23                       0
     73 X0000073               1                       0
     74 X0000074              10                       0
     75 X0000075               1                       0
     76 X0000076              14                       0
     77 X0000077               4                       0
     78 X0000078               3                       0
     79 X0000079              13                       0
     80 X0000080               1                       0
     81 X0000081              23                       0
     82 X0000082               4                       0
     83 X0000083               4                       0
     84 X0000084               6                       0
     85 X0000085               1                       0
     86 X0000086              20                       0
     87 X0000087               4                       0
     88 X0000088       10.331658                       0
     89 X0000089               9                       0
     90 X0000090               8                       0
     91 X0000091               2                       0
     92 X0000092              19                       0
     93 X0000093               3                       0
     94 X0000094               1                       0
     95 X0000095               5                       0
     96 X0000096           1e-06                       0
