Optimal - objective value 0.00020551
      0 C0000000             365            0.0027401014
      1 C0000001              -1                       0
      2 C0000002       1.8939514                       0
      3 C0000003               0                       0
      4 C0000004               1                       0
      5 C0000005              -1                       0
      6 C0000006               1                       0
      7 C0000007               0                       0
      8 C0000008               1                       0
      9 C0000009              -1                       0
     10 C0000010               1                       0
     11 C0000011              -1                       0
     12 C0000012               3                       0
     13 C0000013     -0.77894661                       0
     14 C0000014               1                       0
     15 C0000015              -1                       0
     16 C0000016               3                       0
     17 C0000017  -3.9932938e-14                       0
     18 C0000018               1                       0
     19 C0000019              -1                       0
     20 C0000020               3                       0
     21 C0000021              -1                       0
     22 C0000022       2.1690164                       0
     23 C0000023   9.9965119e-14                       0
     24 C0000024               1                       0
     25 C0000025               1                      -1
     26 C0000026       -1.000411                       0
     27 C0000027      0.99958898                       0
     28 C0000028              -1                       0
     29 C0000029      0.99958898                       0
     30 C0000030              -1                       0
      0 X0000000      0.44697568                       0
      1 X0000001             0.5                       0
      2 X0000002               0                       0
      3 X0000003             0.5                       0
      4 X0000004               0                       0
      5 X0000005               1                       0
      6 X0000006       0.1105267                       0
      7 X0000007               1                       0
      8 X0000008             0.5                       0
      9 X0000009               1                       0
     10 X0000010      0.58450818                       0
     11 X0000011             0.5                       0
     12 X0000012       11.575805                       0
     13 X0000013            12.5           0.00013700507
     14 X0000014              59                       0
     15 X0000015              32                       0
     16 X0000016              55                       0
     17 X0000017              14                       0
     18 X0000018       56.036818                       0
     19 X0000019              24                       0
     20 X0000020             6.5           0.00013700507
     21 X0000021              20          -0.00013700507
     22 X0000022       72.887376                       0
     23 X0000023             1.5           0.00013700507
     24 X0000024    0.0002055076                       0
