Optimal - objective value 13.99999919
      0 C0000000             365               92.864495
      1 C0000001              -1               4.2961443
      2 C0000002       2.0097716                       0
      3 C0000003               0                       0
      4 C0000004               1               4.2961443
      5 C0000005              -1               4.2961443
      6 C0000006       1.6439102                       0
      7 C0000007    -0.014319445                       0
      8 C0000008               1               4.2961443
      9 C0000009              -1                       0
     10 C0000010               1              0.66894839
     11 C0000011              -1               4.2961443
     12 C0000012       2.9999998                       0
     13 C0000013              -1               4.2961443
     14 C0000014       1.0000014                       0
     15 C0000015              -1               4.2961443
     16 C0000016               3                       0
     17 C0000017               0                       0
     18 C0000018               1               4.2961443
     19 C0000019              -1               4.2961443
     20 C0000020               3                       0
     21 C0000021              -1               4.2310825
     22 C0000022               1                       0
     23 C0000023       -0.004866                       0
     24 C0000024               1               4.2961443
     25 C0000025               1              -33952.909
     26 C0000026       -1.000413                       0
     27 C0000027      0.99958698                       0
     28 C0000028              -1              -173.49766
     29 C0000029      0.99958698                       0
     30 C0000030              -1              -35.771693
     31 C0000031    0.0002065076              -34162.178
     32 C0000032       5.8172487              -4.2961443
     33 C0000033       12.039086                       0
     34 C0000034       12.039086             -0.80589505
     35 C0000035       32.458222                       0
     36 C0000036       32.458222                       0
     37 C0000037              20                       0
     38 C0000038              20                       0
      0 X0000000      0.50488581                       0
      1 X0000001             0.5                       0
      2 X0000002      0.32195509                       0
      3 X0000003      0.49284028                       0
      4 X0000004               0               3.6271959
      5 X0000005      0.99999988                       0
      6 X0000006   6.7630139e-07                       0
      7 X0000007               1                       0
      8 X0000008             0.5                       0
      9 X0000009               1                       0
     10 X0000010               0             0.065061758
     11 X0000011        0.497567                       0
     12 X0000012       12.039086                       0
     13 X0000013            12.5               3.7796658
     14 X0000014       77.995351                       0
     15 X0000015       32.458222                       0
     16 X0000016              55                       0
     17 X0000017       13.999999                       0
     18 X0000018       63.000043                       0
     19 X0000019              24              -1.4399011
     20 X0000020             6.5                3.457522
     21 X0000021              20              -5.9580197
     22 X0000022              46                       0
     23 X0000023        1.507299                       0
     24 X0000024    0.0002065076                       0
