Optimal - objective value 1.00000000
      0 C0000000             365             -0.44815557
      1 C0000001              -1               0.4915505
      2 C0000002               1                       0
      3 C0000003              -1                       0
      4 C0000004               1            0.0023763086
      5 C0000005     -0.99999842                       0
      6 C0000006               1              0.58909249
      7 C0000007              -1                       0
      8 C0000008               1              0.37158581
      9 C0000009              -1              0.58909249
     10 C0000010       1.7291676                       0
     11 C0000011              -1               0.5364689
     12 C0000012               1                       0
     13 C0000013              -1              0.26279869
     14 C0000014               1                       0
     15 C0000015              -1              0.36576495
     16 C0000016               1                       0
     17 C0000017              -1               0.1929456
     18 C0000018               1                       0
     19 C0000019     -0.99999978                       0
     20 C0000020               1              0.58909249
     21 C0000021              -1                       0
     22 C0000022               1              0.58909249
     23 C0000023              -1              0.29830148
     24 C0000024               1                       0
     25 C0000025  -1.6492314e-06                       0
     26 C0000026               1              0.58909249
     27 C0000027     -0.35544446                       0
     28 C0000028               1              0.58909249
     29 C0000029              -1              0.58909249
     30 C0000030               3                       0
     31 C0000031              -1              0.25784462
     32 C0000032               1                       0
     33 C0000033              -1              0.55321763
     34 C0000034               1                       0
     35 C0000035              -1                       0
     36 C0000036               1              0.21684029
     37 C0000037              -1               0.5120434
     38 C0000038               1             0.077049092
     39 C0000039              -1              0.34177332
     40 C0000040               1              0.24731917
     41 C0000041              -1              0.24371551
     42 C0000042               1                       0
     43 C0000043              -1              0.25720752
     44 C0000044               1                       0
     45 C0000045              -1              0.48311023
     46 C0000046               1                       0
     47 C0000047              -1              0.41761513
     48 C0000048               1                       0
     49 C0000049              -1              0.58909249
     50 C0000050       1.5572968                       0
     51 C0000051              -1              0.35936823
     52 C0000052               1                       0
     53 C0000053              -1              0.57574544
     54 C0000054               1                       0
     55 C0000055              -1                       0
     56 C0000056               1             0.058319794
     57 C0000057              -1              0.13470531
     58 C0000058               1                       0
     59 C0000059              -1              0.24512015
     60 C0000060               1                       0
     61 C0000061              -1              0.25931104
     62 C0000062               1                       0
     63 C0000063              -1               0.4339649
     64 C0000064               1                       0
     65 C0000065              -1              0.27632826
     66 C0000066               1                       0
     67 C0000067              -1                       0
     68 C0000068               1              0.24630117
     69 C0000069              -1              0.35916486
     70 C0000070               1                       0
     71 C0000071              -1              0.10032528
     72 C0000072               1                       0
     73 C0000073              -1              0.23544094
     74 C0000074               1                       0
     75 C0000075              -1              0.20014289
     76 C0000076               1                       0
     77 C0000077              -1                       0
     78 C0000078               1              0.48925628
     79 C0000079              -1              0.47939573
     80 C0000080               1              0.10969677
     81 C0000081              -1              0.15024559
     82 C0000082               1                       0
     83 C0000083              -1              0.58909249
     84 C0000084        2.069517                       0
     85 C0000085              -1              0.21846159
     86 C0000086               1                       0
     87 C0000087              -1               0.2241872
     88 C0000088               1                       0
     89 C0000089              -1              0.47803098
     90 C0000090               1                       0
     91 C0000091              -1               0.1373149
     92 C0000092               1                       0
     93 C0000093              -1              0.15366049
     94 C0000094               1                       0
     95 C0000095              -1              0.29030783
     96 C0000096               1                       0
     97 C0000097        0.999998                       0
     98 C0000098              -1              -155.11951
     99 C0000099        0.999998                       0
    100 C0000100              -1              -18.242519
    101 C0000101        0.999998                       0
    102 C0000102              -1               -2.352142
    103 C0000103           1e-06              -175.71417
    104 C0000104       3.0002685             -0.58909249
    105 C0000105       11.999991                       0
    106 C0000106       11.999991            -0.055347458
    107 C0000107       19.999998                       0
    108 C0000108       19.999998            -0.017219183
    109 C0000109       4.0937514                       0
    110 C0000110       4.0937514           -0.0017232108
      0 X0000000               0             0.097541993
      1 X0000001               0              0.58671618
      2 X0000002   7.8774837e-07                       0
      3 X0000003               0              0.21750668
      4 X0000004      0.36458381                       0
      5 X0000005               0             0.052623594
      6 X0000006               0              0.32629381
      7 X0000007               0              0.22332755
      8 X0000008               0               0.3961469
      9 X0000009    1.099155e-07                       0
     10 X0000010   1.7232071e-09                       0
     11 X0000011               0              0.29079102
     12 X0000012      0.49999918                       0
     13 X0000013      0.32227777                       0
     14 X0000014               1                       0
     15 X0000015               0              0.33124787
     16 X0000016               0             0.035874858
     17 X0000017               0               0.3722522
     18 X0000018               0                       0
     19 X0000019               0                       0
     20 X0000020               0              0.34537698
     21 X0000021               0              0.33188498
     22 X0000022               0              0.10598227
     23 X0000023               0              0.17147736
     24 X0000024      0.27864842                       0
     25 X0000025               0              0.22972427
     26 X0000026               0             0.013347051
     27 X0000027               0               0.5307727
     28 X0000028               0              0.45438718
     29 X0000029               0              0.34397235
     30 X0000030               0              0.32978145
     31 X0000031               0              0.15512759
     32 X0000032               0              0.31276423
     33 X0000033               0              0.34279133
     34 X0000034               0              0.22992763
     35 X0000035               0              0.48876721
     36 X0000036               0              0.35365155
     37 X0000037               0               0.3889496
     38 X0000038               0              0.09983621
     39 X0000039               0                       0
     40 X0000040               0              0.43884691
     41 X0000041      0.53475848                       0
     42 X0000042               0               0.3706309
     43 X0000043               0              0.36490529
     44 X0000044               0              0.11106151
     45 X0000045               0              0.45177759
     46 X0000046               0              0.43543201
     47 X0000047               0              0.29878466
     48 X0000048               3                       0
     49 X0000049              10                       0
     50 X0000050       11.999991                       0
     51 X0000051              20                       0
     52 X0000052       4.0937514                       0
     53 X0000053               4                       0
     54 X0000054              15                       0
     55 X0000055               2                       0
     56 X0000056               2                       0
     57 X0000057       19.999998                       0
     58 X0000058               1                       0
     59 X0000059               5                       0
     60 X0000060       9.0000148                       0
     61 X0000061       14.909889                       0
     62 X0000062               8            -0.029552939
     63 X0000063               1                       0
     64 X0000064               4                       0
     65 X0000065              12                       0
     66 X0000066               8                       0
     67 X0000067              18                       0
     68 X0000068               1                       0
     69 X0000069               2                       0
     70 X0000070               8                       0
     71 X0000071               3                       0
     72 X0000072       3.8359453                       0
     73 X0000073               4                       0
     74 X0000074               2                       0
     75 X0000075               5                       0
     76 X0000076              12                       0
     77 X0000077               1                       0
     78 X0000078              16                       0
     79 X0000079               5                       0
     80 X0000080               4                       0
     81 X0000081              16                       0
     82 X0000082              10                       0
     83 X0000083               1                       0
     84 X0000084               1                       0
     85 X0000085               1                       0
     86 X0000086              19                       0
     87 X0000087              22                       0
     88 X0000088               4                       0
     89 X0000089       29.160411                       0
     90 X0000090               1                       0
     91 X0000091               1                       0
     92 X0000092              13                       0
     93 X0000093               1                       0
     94 X0000094               4                       0
     95 X0000095               2                       0
     96 X0000096           1e-06                       0
