Optimal - objective value 9.99999995
      0 C0000000             365                1.870902
      1 C0000001              -1                       0
      2 C0000002               1               4.1451294
      3 C0000003              -1               8.0408961
      4 C0000004               1                       0
      5 C0000005              -1               1.6576583
      6 C0000006               1                       0
      7 C0000007              -1               7.0510235
      8 C0000008               1                       0
      9 C0000009              -1                4.994057
     10 C0000010               1                       0
     11 C0000011              -1               6.2245815
     12 C0000012               1                       0
     13 C0000013              -1               11.390007
     14 C0000014               3                       0
     15 C0000015              -1                       0
     16 C0000016               1               8.6212017
     17 C0000017              -1               4.2840374
     18 C0000018               1                       0
     19 C0000019              -1               6.8891813
     20 C0000020               1                       0
     21 C0000021              -1               11.390007
     22 C0000022       1.6385242                       0
     23 C0000023     -0.34066753                       0
     24 C0000024               1               11.390007
     25 C0000025              -1               4.1377575
     26 C0000026               1                       0
     27 C0000027              -1               3.7203342
     28 C0000028               1                       0
     29 C0000029              -1               8.7364118
     30 C0000030               1               2.6535957
     31 C0000031              -1                       0
     32 C0000032               1               5.6527344
     33 C0000033     -0.99999839                       0
     34 C0000034               1               11.390007
     35 C0000035              -1               8.0077586
     36 C0000036               1                       0
     37 C0000037              -1               9.2030481
     38 C0000038               1                       0
     39 C0000039              -1               4.9431289
     40 C0000040               1                       0
     41 C0000041              -1               6.2200599
     42 C0000042               1               5.1699476
     43 C0000043              -1                       0
     44 C0000044               1               5.6263065
     45 C0000045              -1               11.390007
     46 C0000046       2.9999832                       0
     47 C0000047              -1               9.4939331
     48 C0000048               1                       0
     49 C0000049              -1               5.9577683
     50 C0000050               1                       0
     51 C0000051              -1               4.9423103
     52 C0000052               1                       0
     53 C0000053     -0.98484955                       0
     54 C0000054               1               11.390007
     55 C0000055              -1               2.5371663
     56 C0000056               1                       0
     57 C0000057              -1               7.4548359
     58 C0000058               1                       0
     59 C0000059              -1               1.5791149
     60 C0000060               1                       0
     61 C0000061              -1               3.7872359
     62 C0000062               1                       0
     63 C0000063              -1               2.3464122
     64 C0000064               1                       0
     65 C0000065              -1               5.2167896
     66 C0000066               1                       0
     67 C0000067              -1                7.434725
     68 C0000068               1                       0
     69 C0000069              -1                3.606336
     70 C0000070               1                       0
     71 C0000071              -1               5.6456512
     72 C0000072               1                       0
     73 C0000073              -1                       0
     74 C0000074               1               4.2826638
     75 C0000075              -1               4.6552761
     76 C0000076               1                       0
     77 C0000077              -1                4.724124
     78 C0000078               1                       0
     79 C0000079              -1               3.8843508
     80 C0000080               1               7.5056567
     81 C0000081              -1               2.8820521
     82 C0000082               1                       0
     83 C0000083              -1               5.0446496
     84 C0000084               1                       0
     85 C0000085              -1               6.2730544
     86 C0000086               1                       0
     87 C0000087     -0.92799314                       0
     88 C0000088               1               11.390007
     89 C0000089              -1                       0
     90 C0000090               1               7.5791839
     91 C0000091              -1               1.8074716
     92 C0000092               1                       0
     93 C0000093              -1               3.2587533
     94 C0000094               1                       0
     95 C0000095              -1               6.7779975
     96 C0000096               1                       0
     97 C0000097               1              -927.31247
     98 C0000098       -1.000002                       0
     99 C0000099        0.999998                       0
    100 C0000100              -1              -364.77163
    101 C0000101        0.999998                       0
    102 C0000102              -1               -45.25308
    103 C0000103           1e-06              -1337.3372
    104 C0000104       2.6924994              -11.390007
    105 C0000105       5.9999748                       0
    106 C0000106       5.9999748             -0.50640397
    107 C0000107               1                       0
    108 C0000108               1                       0
    109 C0000109               2                       0
    110 C0000110               2                       0
    111 C0000111               3                       0
    112 C0000112               3                       0
    113 C0000113       20.110013                       0
    114 C0000114       20.110013            -0.054232313
    115 C0000115              12                       0
    116 C0000116              12                       0
    117 C0000117               2                       0
    118 C0000118               2                       0
    119 C0000119       11.873359                       0
    120 C0000120       11.873359                       0
    121 C0000121               1                       0
    122 C0000122               1                       0
    123 C0000123               1                       0
    124 C0000124               1                       0
    125 C0000125               2                       0
    126 C0000126               2                       0
    127 C0000127               1                       0
    128 C0000128               1                       0
    129 C0000129               8                       0
    130 C0000130               8                       0
    131 C0000131              14                       0
    132 C0000132              14                       0
    133 C0000133               1                       0
    134 C0000134               1                       0
    135 C0000135               1                       0
    136 C0000136               1                       0
    137 C0000137               2                       0
    138 C0000138               2                       0
    139 C0000139               6                       0
    140 C0000140               6                       0
    141 C0000141              13                       0
    142 C0000142              13                       0
    143 C0000143              13                       0
    144 C0000144              13                       0
    145 C0000145               2                       0
    146 C0000146               2                       0
    147 C0000147               1                       0
    148 C0000148               1                       0
    149 C0000149               1                       0
    150 C0000150               1                       0
    151 C0000151               3                       0
    152 C0000152               3                       0
    153 C0000153               1                       0
    154 C0000154               1                       0
    155 C0000155               1                       0
    156 C0000156               1                       0
    157 C0000157       20.243928                       0
    158 C0000158       20.243928                       0
    159 C0000159               4                       0
    160 C0000160               4                       0
    161 C0000161               4                       0
    162 C0000162               4                       0
    163 C0000163               1                       0
    164 C0000164               1                       0
    165 C0000165               2                       0
    166 C0000166               2                       0
    167 C0000167               4                       0
    168 C0000168               4                       0
      0 X0000000               0                7.244878
      1 X0000001               0               3.3491114
      2 X0000002               0               9.7323492
      3 X0000003               0                4.338984
      4 X0000004               0               6.3959504
      5 X0000005               0                5.165426
      6 X0000006      0.99999999                       0
      7 X0000007               0               2.7688058
      8 X0000008               0               7.1059701
      9 X0000009               0               4.5008262
     10 X0000010      0.31926209                       0
     11 X0000011      0.32966623                       0
     12 X0000012               0                 7.25225
     13 X0000013               0               7.6696733
     14 X0000014               0                       0
     15 X0000015               0               5.7372731
     16 X0000016   8.0642973e-07                       0
     17 X0000017               0               3.3822489
     18 X0000018               0               2.1869593
     19 X0000019               0               6.4468786
     20 X0000020               0                       0
     21 X0000021               0                5.763701
     22 X0000022       0.9999916                       0
     23 X0000023               0               1.8960744
     24 X0000024               0               5.4322392
     25 X0000025               0               6.4476972
     26 X0000026    0.0075752275                       0
     27 X0000027               0               8.8528412
     28 X0000028               0               3.9351716
     29 X0000029               0               9.8108926
     30 X0000030               0               7.6027715
     31 X0000031               0               9.0435952
     32 X0000032               0               6.1732179
     33 X0000033               0               3.9552824
     34 X0000034               0               7.7836715
     35 X0000035               0               5.7443563
     36 X0000036               0               7.1073437
     37 X0000037               0               6.7347314
     38 X0000038               0               6.6658835
     39 X0000039               0                       0
     40 X0000040               0               8.5079554
     41 X0000041               0               6.3453579
     42 X0000042               0               5.1169531
     43 X0000043     0.036003429                       0
     44 X0000044               0               3.8108236
     45 X0000045               0               9.5825359
     46 X0000046               0               8.1312542
     47 X0000047               0                 4.61201
     48 X0000048              19                       0
     49 X0000049               5                       0
     50 X0000050              13                       0
     51 X0000051              13                       0
     52 X0000052               1                       0
     53 X0000053               2                       0
     54 X0000054       9.9999999                       0
     55 X0000055              18                       0
     56 X0000056               2                       0
     57 X0000057               2                       0
     58 X0000058       11.873359                       0
     59 X0000059       20.110013                       0
     60 X0000060               1                       0
     61 X0000061               1                       0
     62 X0000062              12                       0
     63 X0000063              16                       0
     64 X0000064       21.999982                       0
     65 X0000065               1                       0
     66 X0000066               3                       0
     67 X0000067               2                       0
     68 X0000068              20                       0
     69 X0000069              12                       0
     70 X0000070       5.9999748                       0
     71 X0000071               3                       0
     72 X0000072               6                       0
     73 X0000073               1                       0
     74 X0000074       29.772743                       0
     75 X0000075               1                       0
     76 X0000076               8                       0
     77 X0000077               2                       0
     78 X0000078               1                       0
     79 X0000079               1                       0
     80 X0000080               1                       0
     81 X0000081               4                       0
     82 X0000082               1                       0
     83 X0000083               2                       0
     84 X0000084              22                       0
     85 X0000085               4                       0
     86 X0000086               2                       0
     87 X0000087              20                       0
     88 X0000088               1                       0
     89 X0000089               1                       0
     90 X0000090               1                       0
     91 X0000091       20.243928                       0
     92 X0000092              14                       0
     93 X0000093               1                       0
     94 X0000094               1                       0
     95 X0000095               4                       0
     96 X0000096           1e-06                       0
