Optimal - objective value 7.49269739
      0 C0000000             365               -112.0051
      1 C0000001              -1               5.5921963
      2 C0000002               1                       0
      3 C0000003              -1                       0
      4 C0000004               1               31.572183
      5 C0000005      -0.9899185                       0
      6 C0000006               1               33.367925
      7 C0000007              -1               11.331304
      8 C0000008               1                       0
      9 C0000009              -1               33.367925
     10 C0000010       1.0000003                       0
     11 C0000011               0                       0
     12 C0000012               1               33.367925
     13 C0000013              -1               33.367925
     14 C0000014        1.997079                       0
     15 C0000015              -1               11.643918
     16 C0000016               1                       0
     17 C0000017              -1               33.367925
     18 C0000018               3                       0
     19 C0000019              -1               33.367925
     20 C0000020       2.4169248                       0
     21 C0000021      -0.9999988                       0
     22 C0000022               1               33.367925
     23 C0000023              -1               33.367925
     24 C0000024               3                       0
     25 C0000025      -0.9999999                       0
     26 C0000026               1               33.367925
     27 C0000027               0                       0
     28 C0000028               1               33.367925
     29 C0000029              -1               6.4982928
     30 C0000030               1                       0
     31 C0000031              -1               16.967001
     32 C0000032               1                       0
     33 C0000033              -1                       0
     34 C0000034               1               14.818507
     35 C0000035      -0.7052758                       0
     36 C0000036               1               33.367925
     37 C0000037               0                       0
     38 C0000038               1               33.367925
     39 C0000039              -1               3.5139767
     40 C0000040               1               29.853948
     41 C0000041              -1               33.367925
     42 C0000042               3                       0
     43 C0000043              -1               2.6440733
     44 C0000044               1                       0
     45 C0000045              -1               18.253845
     46 C0000046               1                       0
     47 C0000047              -1               2.3263856
     48 C0000048               1                       0
     49 C0000049        0.999998                       0
     50 C0000050              -1              -40167.682
     51 C0000051        0.999998                       0
     52 C0000052              -1              -501.69934
     53 C0000053        0.999998                       0
     54 C0000054              -1              -533.58734
     55 C0000055           1e-06              -41202.969
     56 C0000056       5.8594056              -33.367925
     57 C0000057        4.999997                       0
     58 C0000058        4.999997              -6.4070653
     59 C0000059               5                       0
     60 C0000060               5                       0
     61 C0000061            14.5                       0
     62 C0000062            14.5                       0
     63 C0000063        39.79837                       0
     64 C0000064        39.79837             -0.61616552
     65 C0000065              50                       0
     66 C0000066              50                       0
     67 C0000067       11.999999                       0
     68 C0000068       11.999999                       0
     69 C0000069               5                       0
     70 C0000070               5                       0
     71 C0000071              10                       0
     72 C0000072              10                       0
     73 C0000073               6                       0
     74 C0000074               6                       0
     75 C0000075              12                       0
     76 C0000076              12                       0
     77 C0000077              14                       0
     78 C0000078              14                       0
     79 C0000079       10.250775                       0
     80 C0000080       10.250775                       0
      0 X0000000               0               27.775729
      1 X0000001               0               1.7957418
      2 X0000002    0.0050407477                       0
      3 X0000003               0               22.036621
      4 X0000004   1.7234203e-07                       0
      5 X0000005             0.5                       0
      6 X0000006      0.49853948                       0
      7 X0000007               0               21.724007
      8 X0000008               1                       0
      9 X0000009      0.70846242                       0
     10 X0000010    5.997216e-07                       0
     11 X0000011               1                       0
     12 X0000012   5.1347273e-08                       0
     13 X0000013             0.5                       0
     14 X0000014               0               26.869632
     15 X0000015               0               16.400924
     16 X0000016               0               18.549418
     17 X0000017       0.1473621                       0
     18 X0000018             0.5                       0
     19 X0000019               0                       0
     20 X0000020               1                       0
     21 X0000021               0               30.723852
     22 X0000022               0                15.11408
     23 X0000023               0                31.04154
     24 X0000024              12                       0
     25 X0000025              10                       0
     26 X0000026        39.79837                       0
     27 X0000027               1                       0
     28 X0000028       45.000008                       0
     29 X0000029             5.5               2.5983841
     30 X0000030       7.4926974                       0
     31 X0000031              33                       0
     32 X0000032              50              -3.4336104
     33 X0000033       10.250775                       0
     34 X0000034        4.999997                       0
     35 X0000035              12              -3.9558842
     36 X0000036       11.999999                       0
     37 X0000037            14.5               5.3330616
     38 X0000038               3                       0
     39 X0000039               5                       0
     40 X0000040               5                       0
     41 X0000041       34.958154                       0
     42 X0000042            14.5               3.6888692
     43 X0000043               8                       0
     44 X0000044               6              -3.0495975
     45 X0000045               1                       0
     46 X0000046              14                       0
     47 X0000047              16                       0
     48 X0000048           1e-06                       0
