Optimal - objective value 4.00000000
      0 C0000000             365               1.7196307
      1 C0000001              -1              0.62712844
      2 C0000002               1                       0
      3 C0000003              -1               2.0300462
      4 C0000004               1             0.032451829
      5 C0000005              -1              0.24181237
      6 C0000006               1                       0
      7 C0000007              -1                2.062498
      8 C0000008       1.0000104                       0
      9 C0000009              -1               1.9501108
     10 C0000010               1                       0
     11 C0000011              -1                1.565086
     12 C0000012               1                       0
     13 C0000013              -1              0.55456163
     14 C0000014               1                       0
     15 C0000015              -1              0.19241984
     16 C0000016               1                       0
     17 C0000017              -1               0.4971102
     18 C0000018               1                       0
     19 C0000019              -1               1.2752131
     20 C0000020               1                       0
     21 C0000021              -1                2.062498
     22 C0000022       1.3202335                       0
     23 C0000023              -1               1.2087695
     24 C0000024               1                       0
     25 C0000025              -1               1.1583767
     26 C0000026               1                       0
     27 C0000027              -1               1.2659121
     28 C0000028               1                       0
     29 C0000029              -1               1.8021587
     30 C0000030               1                       0
     31 C0000031     -0.58363572                       0
     32 C0000032               1                2.062498
     33 C0000033              -1              0.75088899
     34 C0000034               1                       0
     35 C0000035              -1               1.2281985
     36 C0000036               1                       0
     37 C0000037              -1              0.59538167
     38 C0000038               1                       0
     39 C0000039              -1                2.062498
     40 C0000040       1.2089807                       0
     41 C0000041              -1               1.2619726
     42 C0000042               1                       0
     43 C0000043              -1               0.5072728
     44 C0000044               1                       0
     45 C0000045              -1              0.82039168
     46 C0000046               1                       0
     47 C0000047              -1               1.2993131
     48 C0000048               1                       0
     49 C0000049              -1              0.40668171
     50 C0000050               1                       0
     51 C0000051              -1              0.68334234
     52 C0000052               1                       0
     53 C0000053              -1               0.8434628
     54 C0000054               1                       0
     55 C0000055              -1              0.75946661
     56 C0000056               1                       0
     57 C0000057              -1                1.486456
     58 C0000058               1                       0
     59 C0000059              -1               1.4109485
     60 C0000060               1                       0
     61 C0000061              -1               1.3574692
     62 C0000062               1                       0
     63 C0000063              -1              0.38478123
     64 C0000064               1                       0
     65 C0000065              -1               0.8341812
     66 C0000066               1                       0
     67 C0000067              -1                2.062498
     68 C0000068       1.1438426                       0
     69 C0000069              -1              0.78914675
     70 C0000070               1                       0
     71 C0000071              -1                       0
     72 C0000072               1                2.062498
     73 C0000073              -1               1.6311755
     74 C0000074               1                       0
     75 C0000075              -1               0.7009415
     76 C0000076               1                       0
     77 C0000077              -1               1.2341368
     78 C0000078               1              0.82836123
     79 C0000079              -1               1.2302822
     80 C0000080               1                       0
     81 C0000081              -1               1.7886617
     82 C0000082               1              0.27383636
     83 C0000083              -1              0.42706586
     84 C0000084               1                       0
     85 C0000085     -0.99999914                       0
     86 C0000086               1                2.062498
     87 C0000087              -1              0.67676172
     88 C0000088               1                       0
     89 C0000089              -1                       0
     90 C0000090               1               1.0315473
     91 C0000091              -1              0.63788188
     92 C0000092               1                       0
     93 C0000093              -1              0.45720894
     94 C0000094               1                       0
     95 C0000095              -1              0.84527603
     96 C0000096               1                       0
     97 C0000097               1              -609.12064
     98 C0000098       -1.000002                       0
     99 C0000099        0.999998                       0
    100 C0000100              -1              -46.967371
    101 C0000101               1              -17.185293
    102 C0000102       -1.000002                       0
    103 C0000103           1e-06              -673.27331
    104 C0000104      0.54471617               -2.062498
    105 C0000105               1                       0
    106 C0000106               1                       0
    107 C0000107       7.9999966                       0
    108 C0000108       7.9999966             -0.47694173
    109 C0000109               4                       0
    110 C0000110               4                       0
    111 C0000111       17.401751                       0
    112 C0000112       17.401751           -0.0042068091
    113 C0000113               5                       0
    114 C0000114               5                       0
    115 C0000115               6                       0
    116 C0000116               6                       0
    117 C0000117               3                       0
    118 C0000118               3                       0
    119 C0000119               2                       0
    120 C0000120               2                       0
    121 C0000121               2                       0
    122 C0000122               2                       0
    123 C0000123               1                       0
    124 C0000124               1                       0
    125 C0000125               4                       0
    126 C0000126               4                       0
    127 C0000127              19                       0
    128 C0000128              19                       0
    129 C0000129               1                       0
    130 C0000130               1                       0
    131 C0000131               1                       0
    132 C0000132               1                       0
      0 X0000000               0               1.4353696
      1 X0000001               0                       0
      2 X0000002               0               1.8206857
      3 X0000003   5.2208254e-06                       0
      4 X0000004               0              0.11238726
      5 X0000005               0              0.49741207
      6 X0000006               0               1.5079364
      7 X0000007               0               1.8700782
      8 X0000008               0               1.5653878
      9 X0000009               0               0.7872849
     10 X0000010      0.16011677                       0
     11 X0000011               0              0.85372857
     12 X0000012               0              0.90412131
     13 X0000013               0              0.79658593
     14 X0000014               0              0.26033938
     15 X0000015      0.20818214                       0
     16 X0000016               0                1.311609
     17 X0000017               0              0.83429956
     18 X0000018               0               1.4671164
     19 X0000019      0.10449033                       0
     20 X0000020               0              0.80052541
     21 X0000021               0               1.5552252
     22 X0000022               0               1.2421064
     23 X0000023               0              0.76318494
     24 X0000024               0               1.6558163
     25 X0000025               0               1.3791557
     26 X0000026               0               1.2190352
     27 X0000027               0               1.3030314
     28 X0000028               0              0.57604202
     29 X0000029               0               0.6515495
     30 X0000030               0              0.70502883
     31 X0000031               0               1.6777168
     32 X0000032               0               1.2283168
     33 X0000033     0.071921281                       0
     34 X0000034               0               1.2733513
     35 X0000035   1.0517053e-09                       0
     36 X0000036               0              0.43132252
     37 X0000037               0               1.3615565
     38 X0000038               0                       0
     39 X0000039               0              0.83221583
     40 X0000040               0                       0
     41 X0000041               0               1.6354322
     42 X0000042    4.306575e-07                       0
     43 X0000043               0               1.3857363
     44 X0000044               0               1.0309507
     45 X0000045               0               1.4246162
     46 X0000046               0               1.6052891
     47 X0000047               0                1.217222
     48 X0000048               6                       0
     49 X0000049              19                       0
     50 X0000050               7                       0
     51 X0000051       4.0000209                       0
     52 X0000052               4                       0
     53 X0000053               3                       0
     54 X0000054               1                       0
     55 X0000055               3                       0
     56 X0000056               2                       0
     57 X0000057               3                       0
     58 X0000058       17.401751                       0
     59 X0000059               4                       0
     60 X0000060               1                       0
     61 X0000061               8                       0
     62 X0000062               4                       0
     63 X0000063       19.003629                       0
     64 X0000064              18                       0
     65 X0000065               5                       0
     66 X0000066              16                       0
     67 X0000067        9.940413                       0
     68 X0000068               2                       0
     69 X0000069               1                       0
     70 X0000070               2                       0
     71 X0000071               6                       0
     72 X0000072              23                       0
     73 X0000073               1                       0
     74 X0000074              10                       0
     75 X0000075               1                       0
     76 X0000076              14                       0
     77 X0000077               4                       0
     78 X0000078               3                       0
     79 X0000079              13                       0
     80 X0000080               1                       0
     81 X0000081       24.654189                       0
     82 X0000082               4                       0
     83 X0000083               4                       0
     84 X0000084               6                       0
     85 X0000085               1                       0
     86 X0000086              20                       0
     87 X0000087               4                       0
     88 X0000088              19                       0
     89 X0000089               9                       0
     90 X0000090       7.9999966                       0
     91 X0000091               2                       0
     92 X0000092              19                       0
     93 X0000093               3                       0
     94 X0000094               1                       0
     95 X0000095               5                       0
     96 X0000096           1e-06                       0
