Optimal - objective value 28.10626169
      0 C0000000             365              -53.657552
      1 C0000001              -1               18.161287
      2 C0000002               1                       0
      3 C0000003              -1               17.846446
      4 C0000004               1                       0
      5 C0000005              -1               56.504135
      6 C0000006       1.8816942                       0
      7 C0000007              -1               43.363699
      8 C0000008               1                       0
      9 C0000009              -1               11.268814
     10 C0000010               1                       0
     11 C0000011              -1               11.170912
     12 C0000012               1                       0
     13 C0000013              -1               23.706496
     14 C0000014               1                       0
     15 C0000015              -1               56.504135
     16 C0000016        2.122918                       0
     17 C0000017              -1               16.608441
     18 C0000018               1                       0
     19 C0000019              -1               11.601698
     20 C0000020               1                       0
     21 C0000021              -1                       0
     22 C0000022               1               2.1736114
     23 C0000023   9.9805895e-14                       0
     24 C0000024               1               56.504135
     25 C0000025              -1               9.7937205
     26 C0000026               1                       0
     27 C0000027              -1                9.627883
     28 C0000028               1                       0
     29 C0000029              -1               29.853181
     30 C0000030               1                       0
     31 C0000031              -1               5.9577156
     32 C0000032               1                       0
     33 C0000033              -1               37.746333
     34 C0000034               1                       0
     35 C0000035              -1               12.466437
     36 C0000036               1                       0
     37 C0000037              -1               28.990972
     38 C0000038               1                       0
     39 C0000039              -1               10.467604
     40 C0000040               1                       0
     41 C0000041              -1               14.576328
     42 C0000042               1                       0
     43 C0000043              -1                54.86781
     44 C0000044               1               1.6363244
     45 C0000045              -1               13.925438
     46 C0000046               1                       0
     47 C0000047              -1               27.434646
     48 C0000048               1                       0
     49 C0000049              -1               12.737791
     50 C0000050               1                       0
     51 C0000051              -1               7.2689519
     52 C0000052               1                       0
     53 C0000053     -0.78963868                       0
     54 C0000054               1               56.504135
     55 C0000055              -1               5.8126126
     56 C0000056               1                       0
     57 C0000057              -1               4.8302305
     58 C0000058               1                       0
     59 C0000059              -1                1.240977
     60 C0000060               1                       0
     61 C0000061              -1               5.4723358
     62 C0000062               1                       0
     63 C0000063              -1               1.7010591
     64 C0000064               1                       0
     65 C0000065              -1               6.1624155
     66 C0000066               1                       0
     67 C0000067              -1                       0
     68 C0000068               1               3.8684988
     69 C0000069              -1               9.6355493
     70 C0000070               1                       0
     71 C0000071              -1               8.5356081
     72 C0000072               1                       0
     73 C0000073              -1               56.504135
     74 C0000074       1.2107408                       0
     75 C0000075              -1               25.465534
     76 C0000076               1                       0
     77 C0000077              -1               4.6076536
     78 C0000078               1                       0
     79 C0000079              -1                       0
     80 C0000080               1               54.899741
     81 C0000081              -1               2.6656538
     82 C0000082               1                       0
     83 C0000083              -1                3.946491
     84 C0000084               1                       0
     85 C0000085              -1               12.508731
     86 C0000086               1                       0
     87 C0000087              -1               56.504135
     88 C0000088       1.0000007                       0
     89 C0000089     -0.99999854                       0
     90 C0000090               1               56.504135
     91 C0000091              -1               6.8109904
     92 C0000092               1                       0
     93 C0000093              -1               2.8387653
     94 C0000094               1                       0
     95 C0000095              -1               1.0476732
     96 C0000096               1                       0
     97 C0000097        0.999998                       0
     98 C0000098              -1              -20347.133
     99 C0000099        0.999998                       0
    100 C0000100              -1              -445.24148
    101 C0000101               1              -478.77996
    102 C0000102       -1.000002                       0
    103 C0000103           1e-06              -21271.154
    104 C0000104       1.7128582              -56.504135
    105 C0000105        13.99999                       0
    106 C0000106        13.99999              -5.8444725
      0 X0000000               0               38.342848
      1 X0000001               0               38.657688
      2 X0000002      0.44084712                       0
      3 X0000003               0               13.140435
      4 X0000004               0                45.23532
      5 X0000005               0               45.333223
      6 X0000006               0               32.797639
      7 X0000007      0.56145898                       0
      8 X0000008               0               39.895694
      9 X0000009               0               44.902437
     10 X0000010               0               54.330523
     11 X0000011             0.5                       0
     12 X0000012               0               46.710414
     13 X0000013               0               46.876252
     14 X0000014               0               26.650954
     15 X0000015               0               50.546419
     16 X0000016               0               18.757802
     17 X0000017               0               44.037698
     18 X0000018               0               27.513163
     19 X0000019               0                46.03653
     20 X0000020               0               41.927807
     21 X0000021               0                       0
     22 X0000022               0               42.578697
     23 X0000023               0               29.069489
     24 X0000024               0               43.766344
     25 X0000025               0               49.235183
     26 X0000026      0.10518066                       0
     27 X0000027               0               50.691522
     28 X0000028               0               51.673904
     29 X0000029               0               55.263158
     30 X0000030               0               51.031799
     31 X0000031               0               54.803076
     32 X0000032               0               50.341719
     33 X0000033               0               52.635636
     34 X0000034               0               46.868585
     35 X0000035               0               47.968527
     36 X0000036      0.10537041                       0
     37 X0000037               0               31.038601
     38 X0000038               0               51.896481
     39 X0000039               0               1.6043936
     40 X0000040               0               53.838481
     41 X0000041               0               52.557644
     42 X0000042               0               43.995404
     43 X0000043   3.2824532e-07                       0
     44 X0000044   7.3176502e-07                       0
     45 X0000045               0               49.693144
     46 X0000046               0               53.665369
     47 X0000047               0               55.456461
     48 X0000048              19                       0
     49 X0000049               5                       0
     50 X0000050       18.731013                       0
     51 X0000051              13                       0
     52 X0000052               1                       0
     53 X0000053               2                       0
     54 X0000054               5                       0
     55 X0000055       28.106262                       0
     56 X0000056               2                       0
     57 X0000057               2                       0
     58 X0000058               9                       0
     59 X0000059              15              0.31977717
     60 X0000060               1                       0
     61 X0000061               1                       0
     62 X0000062              12                       0
     63 X0000063              16                       0
     64 X0000064              22                       0
     65 X0000065               1                       0
     66 X0000066               3                       0
     67 X0000067               2                       0
     68 X0000068              20                       0
     69 X0000069              12                       0
     70 X0000070               3                       0
     71 X0000071               3                       0
     72 X0000072               6                       0
     73 X0000073               1                       0
     74 X0000074        26.84458                       0
     75 X0000075               1                       0
     76 X0000076               8                       0
     77 X0000077               2                       0
     78 X0000078               1                       0
     79 X0000079               1                       0
     80 X0000080               1                       0
     81 X0000081               4                       0
     82 X0000082               1                       0
     83 X0000083               2                       0
     84 X0000084       24.318149                       0
     85 X0000085               4                       0
     86 X0000086               2                       0
     87 X0000087              20                       0
     88 X0000088               1                       0
     89 X0000089               1                       0
     90 X0000090               1                       0
     91 X0000091       21.000007                       0
     92 X0000092        13.99999                       0
     93 X0000093               1                       0
     94 X0000094               1                       0
     95 X0000095               4                       0
     96 X0000096           1e-06                       0
