Optimal - objective value 7.99999998
      0 C0000000             365              -4.8577474
      1 C0000001              -1               1.1576475
      2 C0000002               1                       0
      3 C0000003              -1                       0
      4 C0000004               1               6.1116537
      5 C0000005              -1               2.4496822
      6 C0000006               1                       0
      7 C0000007              -1                10.24502
      8 C0000008       1.1102115                       0
      9 C0000009              -1               9.8178686
     10 C0000010               1                       0
     11 C0000011              -1               9.4310653
     12 C0000012               1                       0
     13 C0000013              -1                3.165302
     14 C0000014               1                       0
     15 C0000015              -1              0.90335751
     16 C0000016               1                       0
     17 C0000017              -1               3.1278753
     18 C0000018               1                       0
     19 C0000019              -1               4.8998961
     20 C0000020               1                       0
     21 C0000021              -1                       0
     22 C0000022               1               3.1159917
     23 C0000023              -1                1.235457
     24 C0000024               1                       0
     25 C0000025              -1                5.412354
     26 C0000026               1                       0
     27 C0000027              -1               5.3521233
     28 C0000028               1                       0
     29 C0000029              -1                10.24502
     30 C0000030       2.1722007                       0
     31 C0000031              -1                10.24502
     32 C0000032       1.5086614                       0
     33 C0000033     -0.99995346                       0
     34 C0000034               1                10.24502
     35 C0000035              -1               3.6591699
     36 C0000036               1                       0
     37 C0000037              -1                       0
     38 C0000038               1               3.3531845
     39 C0000039              -1               6.1429507
     40 C0000040               1                       0
     41 C0000041              -1               3.9154912
     42 C0000042               1                       0
     43 C0000043              -1               2.7095404
     44 C0000044               1                       0
     45 C0000045              -1               4.2405654
     46 C0000046               1                       0
     47 C0000047              -1              0.72897772
     48 C0000048               1                       0
     49 C0000049              -1                       0
     50 C0000050               1                3.967599
     51 C0000051              -1               3.6879865
     52 C0000052               1                       0
     53 C0000053              -1                2.851092
     54 C0000054               1                       0
     55 C0000055              -1               3.3881488
     56 C0000056               1                       0
     57 C0000057              -1               5.3396851
     58 C0000058               1                       0
     59 C0000059              -1               4.6090378
     60 C0000060               1                       0
     61 C0000061              -1               7.1791591
     62 C0000062               1                       0
     63 C0000063              -1                       0
     64 C0000064               1               2.2565664
     65 C0000065              -1               4.6358173
     66 C0000066               1                       0
     67 C0000067              -1                       0
     68 C0000068               1               3.6451571
     69 C0000069              -1               4.7040425
     70 C0000070               1                       0
     71 C0000071              -1               4.9358241
     72 C0000072               1                       0
     73 C0000073              -1               5.6825681
     74 C0000074               1                       0
     75 C0000075              -1               3.5267774
     76 C0000076               1                       0
     77 C0000077              -1               3.9004711
     78 C0000078               1               6.3445489
     79 C0000079              -1               8.0147747
     80 C0000080               1                       0
     81 C0000081    -0.087542974                       0
     82 C0000082               1                10.24502
     83 C0000083              -1                       0
     84 C0000084               1               3.1977867
     85 C0000085     -0.99999999                       0
     86 C0000086               1                10.24502
     87 C0000087              -1               3.2181282
     88 C0000088               1                       0
     89 C0000089              -1                       0
     90 C0000090               1               3.0140552
     91 C0000091              -1               2.2208317
     92 C0000092               1                       0
     93 C0000093              -1               1.3243025
     94 C0000094               1                       0
     95 C0000095              -1               5.8192298
     96 C0000096               1                       0
     97 C0000097        0.999998                       0
     98 C0000098              -1              -1525.1087
     99 C0000099        0.999998                       0
    100 C0000100              -1              -254.42777
    101 C0000101        0.999998                       0
    102 C0000102              -1              -124.21226
    103 C0000103           1e-06              -1903.7487
    104 C0000104       1.3517885               -10.24502
    105 C0000105       17.999581                       0
    106 C0000106       17.999581            -0.024403238
    107 C0000107               1                       0
    108 C0000108               1                       0
      0 X0000000               0               9.0873725
      1 X0000001               0               4.1333662
      2 X0000002               0               7.7953377
      3 X0000003     0.055105747                       0
      4 X0000004               0              0.42715132
      5 X0000005               0              0.81395465
      6 X0000006               0                7.079718
      7 X0000007               0               9.3416624
      8 X0000008               0               7.1171447
      9 X0000009               0               5.3451238
     10 X0000010               0               7.1290282
     11 X0000011               0               9.0095629
     12 X0000012               0               4.8326659
     13 X0000013               0               4.8928966
     14 X0000014      0.58610034                       0
     15 X0000015      0.25433068                       0
     16 X0000016   2.3267901e-05                       0
     17 X0000017               0               6.5858501
     18 X0000018               0               6.8918355
     19 X0000019               0               4.1020692
     20 X0000020               0               6.3295288
     21 X0000021               0               7.5354795
     22 X0000022               0               6.0044545
     23 X0000023               0               9.5160422
     24 X0000024               0               6.2774209
     25 X0000025               0               6.5570335
     26 X0000026               0                7.393928
     27 X0000027               0               6.8568711
     28 X0000028               0               4.9053349
     29 X0000029               0               5.6359821
     30 X0000030               0               3.0658608
     31 X0000031               0               7.9884535
     32 X0000032               0               5.6092027
     33 X0000033               0               6.5998629
     34 X0000034               0               5.5409774
     35 X0000035               0               5.3091959
     36 X0000036               0               4.5624518
     37 X0000037               0               6.7182425
     38 X0000038               0                       0
     39 X0000039               0               2.2302453
     40 X0000040      0.45622851                       0
     41 X0000041               0               7.0472332
     42 X0000042   3.0503548e-09                       0
     43 X0000043               0               7.0268917
     44 X0000044               0               7.2309647
     45 X0000045               0               8.0241882
     46 X0000046               0               8.9207175
     47 X0000047               0               4.4257902
     48 X0000048               6                       0
     49 X0000049              19                       0
     50 X0000050               7                       0
     51 X0000051        4.220423                       0
     52 X0000052               4                       0
     53 X0000053               3                       0
     54 X0000054               1                       0
     55 X0000055               3                       0
     56 X0000056               2                       0
     57 X0000057               3                       0
     58 X0000058              15                       0
     59 X0000059               4                       0
     60 X0000060               1                       0
     61 X0000061               8                       0
     62 X0000062       6.3444014                       0
     63 X0000063       30.103936                       0
     64 X0000064       17.999581                       0
     65 X0000065               5                       0
     66 X0000066              16                       0
     67 X0000067               9                       0
     68 X0000068               2                       0
     69 X0000069               1                       0
     70 X0000070               2                       0
     71 X0000071               6                       0
     72 X0000072              23                       0
     73 X0000073               1                       0
     74 X0000074              10                       0
     75 X0000075               1                       0
     76 X0000076              14                       0
     77 X0000077               4                       0
     78 X0000078               3                       0
     79 X0000079              13                       0
     80 X0000080               1                       0
     81 X0000081              23                       0
     82 X0000082               4                       0
     83 X0000083               4                       0
     84 X0000084               6                       0
     85 X0000085               1                       0
     86 X0000086              20                       0
     87 X0000087               4                       0
     88 X0000088       10.331658                       0
     89 X0000089               9                       0
     90 X0000090               8                       0
     91 X0000091               2                       0
     92 X0000092              19                       0
     93 X0000093               3                       0
     94 X0000094               1                       0
     95 X0000095               5                       0
     96 X0000096           1e-06                       0
