Optimal - objective value 15.73366450
      0 C0000000             365               56.873193
      1 C0000001              -1               36.276445
      2 C0000002               1                       0
      3 C0000003              -1                13.27539
      4 C0000004               1                30.48097
      5 C0000005     -0.99999875                       0
      6 C0000006               1                43.75636
      7 C0000007              -1               21.698927
      8 C0000008               1               22.057433
      9 C0000009              -1                41.13847
     10 C0000010               1               2.6178901
     11 C0000011              -1               43.364795
     12 C0000012               1              0.39156538
     13 C0000013     -0.60047902                       0
     14 C0000014               1                43.75636
     15 C0000015              -1               26.631007
     16 C0000016               1                       0
     17 C0000017              -1               4.7645682
     18 C0000018               1                       0
     19 C0000019              -1               5.1639613
     20 C0000020               1                       0
     21 C0000021              -1               31.226154
     22 C0000022               1                       0
     23 C0000023              -1                43.75636
     24 C0000024       1.0000001                       0
     25 C0000025              -1               26.456993
     26 C0000026               1               17.299367
     27 C0000027              -1                43.75636
     28 C0000028       2.2009055                       0
     29 C0000029              -1                43.75636
     30 C0000030               1                       0
     31 C0000031              -1               18.143642
     32 C0000032               1                       0
     33 C0000033              -1                43.75636
     34 C0000034       1.2763646                       0
     35 C0000035              -1               26.887423
     36 C0000036               1               16.868937
     37 C0000037              -1                43.75636
     38 C0000038       2.9334161                       0
     39 C0000039  -6.7324191e-06                       0
     40 C0000040               1                43.75636
     41 C0000041              -1               23.678999
     42 C0000042               1                       0
     43 C0000043              -1                10.39285
     44 C0000044               1                       0
     45 C0000045              -1                       0
     46 C0000046               1               1.7225991
     47 C0000047              -1               25.768089
     48 C0000048               1                       0
     49 C0000049              -1               33.109043
     50 C0000050               1                       0
     51 C0000051              -1               36.251464
     52 C0000052               1                       0
     53 C0000053              -1               34.832915
     54 C0000054               1                       0
     55 C0000055              -1               23.054526
     56 C0000056               1                       0
     57 C0000057              -1                       0
     58 C0000058               1               8.5271875
     59 C0000059              -1               13.728088
     60 C0000060               1                       0
     61 C0000061              -1                       0
     62 C0000062               1                35.50543
     63 C0000063              -1               18.957848
     64 C0000064               1                       0
     65 C0000065              -1               35.452162
     66 C0000066               1                       0
     67 C0000067              -1               11.671755
     68 C0000068               1                       0
     69 C0000069              -1               32.508941
     70 C0000070               1                       0
     71 C0000071              -1               12.020726
     72 C0000072               1                       0
     73 C0000073              -1               20.135863
     74 C0000074               1                       0
     75 C0000075              -1               13.450297
     76 C0000076               1                       0
     77 C0000077              -1               37.992622
     78 C0000078               1               5.7637381
     79 C0000079              -1                       0
     80 C0000080               1               37.479709
     81 C0000081              -1               23.390692
     82 C0000082               1                       0
     83 C0000083               0                       0
     84 C0000084               1                43.75636
     85 C0000085              -1               12.544448
     86 C0000086               1                       0
     87 C0000087              -1               12.737641
     88 C0000088               1                       0
     89 C0000089              -1               15.973004
     90 C0000090               1                       0
     91 C0000091              -1               11.705793
     92 C0000092               1                       0
     93 C0000093              -1               37.644105
     94 C0000094               1               6.1122555
     95 C0000095              -1                15.95168
     96 C0000096               1                       0
     97 C0000097               1              -20562.365
     98 C0000098       -1.000002                       0
     99 C0000099        0.999998                       0
    100 C0000100              -1              -1303.8879
    101 C0000101               1              -617.72757
    102 C0000102       -1.000002                       0
    103 C0000103           1e-06               -22483.98
    104 C0000104       2.9051009               -43.75636
    105 C0000105       11.999992                       0
    106 C0000106       11.999992              -5.6821108
    107 C0000107               1                       0
    108 C0000108               1                       0
    109 C0000109               4                       0
    110 C0000110               4                       0
    111 C0000111               4                       0
    112 C0000112               4                       0
    113 C0000113        35.20996                       0
    114 C0000114        35.20996             -0.37927137
    115 C0000115              16                       0
    116 C0000116              16                       0
    117 C0000117              19                       0
    118 C0000118              19                       0
    119 C0000119               4                       0
    120 C0000120               4                       0
    121 C0000121               1                       0
    122 C0000122               1                       0
    123 C0000123               1                       0
    124 C0000124               1                       0
    125 C0000125               4                       0
    126 C0000126               4                       0
    127 C0000127               1                       0
    128 C0000128               1                       0
    129 C0000129               2                       0
    130 C0000130               2                       0
    131 C0000131       4.5527292                       0
    132 C0000132       4.5527292              -1.9895344
      0 X0000000               0               7.4799156
      1 X0000001               0                       0
      2 X0000002   6.2637171e-07                       0
      3 X0000003               0                       0
      4 X0000004               0                       0
      5 X0000005               0                       0
      6 X0000006      0.19976049                       0
      7 X0000007               0               17.125354
      8 X0000008               0               38.991792
      9 X0000009               0               38.592399
     10 X0000010               0               12.530206
     11 X0000011   6.8122071e-08                       0
     12 X0000012               0                       0
     13 X0000013      0.60045274                       0
     14 X0000014   1.4105109e-08                       0
     15 X0000015               0               25.612718
     16 X0000016      0.13818229                       0
     17 X0000017               0                       0
     18 X0000018      0.96670806                       0
     19 X0000019      0.49999663                       0
     20 X0000020               0               20.077361
     21 X0000021               0               33.363511
     22 X0000022               0               42.033761
     23 X0000023               0               17.988271
     24 X0000024               0               10.647317
     25 X0000025               0               7.5048962
     26 X0000026               0               8.9234451
     27 X0000027               0               20.701834
     28 X0000028               0               35.229173
     29 X0000029               0               30.028272
     30 X0000030               0               8.2509302
     31 X0000031               0               24.798512
     32 X0000032               0               8.3041986
     33 X0000033               0               32.084605
     34 X0000034               0               11.247419
     35 X0000035               0               31.735634
     36 X0000036               0               23.620498
     37 X0000037               0               30.306063
     38 X0000038               0                       0
     39 X0000039               0               6.2766509
     40 X0000040               0               20.365669
     41 X0000041             0.5                       0
     42 X0000042               0               31.211912
     43 X0000043               0                31.01872
     44 X0000044               0               27.783356
     45 X0000045               0               32.050567
     46 X0000046               0                       0
     47 X0000047               0               27.804681
     48 X0000048               3                       0
     49 X0000049              10                       0
     50 X0000050       11.999992                       0
     51 X0000051              20                       0
     52 X0000052               3                       0
     53 X0000053               4                       0
     54 X0000054       12.003593                       0
     55 X0000055               2                       0
     56 X0000056               2                       0
     57 X0000057              20                       0
     58 X0000058               1                       0
     59 X0000059       5.0000003                       0
     60 X0000060              18                       0
     61 X0000061        35.20996                       0
     62 X0000062       4.0000001                       0
     63 X0000063               1                       0
     64 X0000064       4.5527292                       0
     65 X0000065              12                       0
     66 X0000066       15.733664                       0
     67 X0000067       9.0000606                       0
     68 X0000068               1                       0
     69 X0000069               2                       0
     70 X0000070               8                       0
     71 X0000071               3                       0
     72 X0000072               3                       0
     73 X0000073               4                       0
     74 X0000074               2                       0
     75 X0000075               5                       0
     76 X0000076              12                       0
     77 X0000077               1                       0
     78 X0000078              16                       0
     79 X0000079               5                       0
     80 X0000080               4                       0
     81 X0000081              16                       0
     82 X0000082              10                       0
     83 X0000083               1                       0
     84 X0000084               1                       0
     85 X0000085               1                       0
     86 X0000086              19                       0
     87 X0000087              22                       0
     88 X0000088               4                       0
     89 X0000089             9.5               1.8809786
     90 X0000090               1                       0
     91 X0000091               1                       0
     92 X0000092              13                       0
     93 X0000093               1                       0
     94 X0000094               4                       0
     95 X0000095               2                       0
     96 X0000096           1e-06                       0
