Optimal - objective value 12.99999998
      0 C0000000             365              -5.4595579
      1 C0000001              -1               5.9882072
      2 C0000002               1                       0
      3 C0000003              -1                       0
      4 C0000004               1             0.028948864
      5 C0000005     -0.99999842                       0
      6 C0000006               1               7.1764914
      7 C0000007              -1                       0
      8 C0000008               1               4.5267635
      9 C0000009              -1               7.1764914
     10 C0000010       1.7291676                       0
     11 C0000011              -1               6.5354159
     12 C0000012               1                       0
     13 C0000013              -1               5.1889896
     14 C0000014               1               1.9875017
     15 C0000015              -1                4.455852
     16 C0000016               1                       0
     17 C0000017              -1               2.3505178
     18 C0000018               1                       0
     19 C0000019     -0.99999978                       0
     20 C0000020               1               7.1764914
     21 C0000021              -1               5.0057915
     22 C0000022               1                       0
     23 C0000023              -1               3.6339929
     24 C0000024               1                       0
     25 C0000025  -1.6498334e-06                       0
     26 C0000026               1               7.1764914
     27 C0000027     -0.35544446                       0
     28 C0000028               1               7.1764914
     29 C0000029              -1               7.1764914
     30 C0000030               3                       0
     31 C0000031              -1               3.1411361
     32 C0000032               1                       0
     33 C0000033              -1               6.7394537
     34 C0000034               1                       0
     35 C0000035              -1                       0
     36 C0000036               1               2.6416097
     37 C0000037              -1               6.2378575
     38 C0000038               1              0.93863383
     39 C0000039              -1               4.1635792
     40 C0000040               1               3.0129121
     41 C0000041              -1               2.9690113
     42 C0000042               1                       0
     43 C0000043              -1               3.1333747
     44 C0000044               1                       0
     45 C0000045              -1               5.8853854
     46 C0000046               1                       0
     47 C0000047              -1               5.0875056
     48 C0000048               1                       0
     49 C0000049              -1               7.1764914
     50 C0000050       1.5572968                       0
     51 C0000051              -1               4.3779254
     52 C0000052               1                       0
     53 C0000053              -1               7.0138938
     54 C0000054               1                       0
     55 C0000055              -1                       0
     56 C0000056               1              0.71046822
     57 C0000057              -1               1.6410182
     58 C0000058               1                       0
     59 C0000059              -1               2.9861229
     60 C0000060               1                       0
     61 C0000061              -1               3.1590004
     62 C0000062               1                       0
     63 C0000063              -1               5.2866832
     64 C0000064               1                       0
     65 C0000065              -1                3.366309
     66 C0000066               1                       0
     67 C0000067              -1               2.0879904
     68 C0000068               1               5.0885009
     69 C0000069              -1               5.7759696
     70 C0000070               1               1.4005217
     71 C0000071              -1               1.2221909
     72 C0000072               1                       0
     73 C0000073              -1               2.8682082
     74 C0000074               1                       0
     75 C0000075              -1               2.4381973
     76 C0000076               1                       0
     77 C0000077              -1                       0
     78 C0000078               1               5.9602584
     79 C0000079              -1               4.5037773
     80 C0000080               1                       0
     81 C0000081              -1               1.8303342
     82 C0000082               1                       0
     83 C0000083              -1               7.1764914
     84 C0000084        2.069517                       0
     85 C0000085              -1               2.6613609
     86 C0000086               1                       0
     87 C0000087              -1               2.7311119
     88 C0000088               1                       0
     89 C0000089              -1                       0
     90 C0000090               1               7.1764914
     91 C0000091              -1                1.672809
     92 C0000092               1                       0
     93 C0000093              -1               1.8719355
     94 C0000094               1                       0
     95 C0000095              -1               3.5366121
     96 C0000096               1                       0
     97 C0000097        0.999998                       0
     98 C0000098              -1              -1889.7097
     99 C0000099        0.999998                       0
    100 C0000100              -1              -222.23553
    101 C0000101        0.999998                       0
    102 C0000102              -1              -28.654459
    103 C0000103           1e-06              -2140.5997
    104 C0000104       3.0002685              -7.1764914
    105 C0000105       11.999991                       0
    106 C0000106       11.999991             -0.67425839
    107 C0000107       19.999998                       0
    108 C0000108       19.999998             -0.20976896
    109 C0000109       4.0937514                       0
    110 C0000110       4.0937514            -0.020992641
    111 C0000111               1                       0
    112 C0000112               1                       0
    113 C0000113              19                       0
    114 C0000114              19                       0
    115 C0000115               4                       0
    116 C0000116               4                       0
    117 C0000117               3                       0
    118 C0000118               3                       0
    119 C0000119              20                       0
    120 C0000120              20                       0
    121 C0000121               1                       0
    122 C0000122               1                       0
    123 C0000123               1                       0
    124 C0000124               1                       0
    125 C0000125              18                       0
    126 C0000126              18                       0
    127 C0000127               1                       0
    128 C0000128               1                       0
    129 C0000129               2                       0
    130 C0000130               2                       0
    131 C0000131               8                       0
    132 C0000132               8                       0
    133 C0000133               3                       0
    134 C0000134               3                       0
    135 C0000135               8                       0
    136 C0000136               8                       0
    137 C0000137               8                       0
    138 C0000138               8                       0
    139 C0000139               4                       0
    140 C0000140               4                       0
    141 C0000141               1                       0
    142 C0000142               1                       0
    143 C0000143       3.8359453                       0
    144 C0000144       3.8359453                       0
    145 C0000145               1                       0
    146 C0000146               1                       0
    147 C0000147               2                       0
    148 C0000148               2                       0
    149 C0000149              12                       0
    150 C0000150              12                       0
    151 C0000151               2                       0
    152 C0000152               2                       0
    153 C0000153               5                       0
    154 C0000154               5                       0
    155 C0000155               1                       0
    156 C0000156               1                       0
    157 C0000157               2                       0
    158 C0000158               2                       0
    159 C0000159               5                       0
    160 C0000160               5                       0
    161 C0000161              12                       0
    162 C0000162              12                       0
    163 C0000163       29.160411                       0
    164 C0000164       29.160411                       0
    165 C0000165              10                       0
    166 C0000166              10                       0
    167 C0000167       9.0000148                       0
    168 C0000168       9.0000148                       0
    169 C0000169               4                       0
    170 C0000170               4                       0
    171 C0000171              16                       0
    172 C0000172              16                       0
    173 C0000173               4                       0
    174 C0000174               4                       0
    175 C0000175              22                       0
    176 C0000176              22                       0
      0 X0000000               0               1.1882841
      1 X0000001               0               7.1475425
      2 X0000002   7.8774837e-07                       0
      3 X0000003               0               2.6497279
      4 X0000004      0.36458381                       0
      5 X0000005               0               0.6410755
      6 X0000006               0                       0
      7 X0000007               0               2.7206393
      8 X0000008               0               4.8259735
      9 X0000009    1.099155e-07                       0
     10 X0000010               0               2.1706999
     11 X0000011               0               3.5424984
     12 X0000012      0.49999918                       0
     13 X0000013      0.32227777                       0
     14 X0000014               1                       0
     15 X0000015               0               4.0353552
     16 X0000016               0              0.43703767
     17 X0000017               0               4.5348816
     18 X0000018               0                       0
     19 X0000019               0                       0
     20 X0000020               0               4.2074801
     21 X0000021               0               4.0431166
     22 X0000022               0                1.291106
     23 X0000023               0               2.0889857
     24 X0000024      0.27864842                       0
     25 X0000025               0                2.798566
     26 X0000026               0              0.16259755
     27 X0000027               0               6.4660231
     28 X0000028               0               5.5354732
     29 X0000029               0               4.1903684
     30 X0000030               0               4.0174909
     31 X0000031               0               1.8898082
     32 X0000032               0               3.8101823
     33 X0000033               0                       0
     34 X0000034               0                       0
     35 X0000035               0               5.9543004
     36 X0000036               0               4.3082832
     37 X0000037               0               4.7382941
     38 X0000038               0               1.2162329
     39 X0000039               0                2.672714
     40 X0000040               0               5.3461571
     41 X0000041      0.53475848                       0
     42 X0000042               0               4.5151305
     43 X0000043               0               4.4453795
     44 X0000044   1.6148168e-09                       0
     45 X0000045               0               5.5036824
     46 X0000046               0               5.3045558
     47 X0000047               0               3.6398792
     48 X0000048               3                       0
     49 X0000049              10                       0
     50 X0000050       11.999991                       0
     51 X0000051              20                       0
     52 X0000052       4.0937514                       0
     53 X0000053               4                       0
     54 X0000054              15                       0
     55 X0000055               2                       0
     56 X0000056               2                       0
     57 X0000057       19.999998                       0
     58 X0000058               1                       0
     59 X0000059               5                       0
     60 X0000060       9.0000148                       0
     61 X0000061       14.909889                       0
     62 X0000062               8             -0.36002226
     63 X0000063               1                       0
     64 X0000064               4                       0
     65 X0000065              12                       0
     66 X0000066               8                       0
     67 X0000067              18                       0
     68 X0000068               1                       0
     69 X0000069               2                       0
     70 X0000070               8                       0
     71 X0000071               3                       0
     72 X0000072       3.8359453                       0
     73 X0000073               4                       0
     74 X0000074               2                       0
     75 X0000075               5                       0
     76 X0000076              12                       0
     77 X0000077               1                       0
     78 X0000078              16                       0
     79 X0000079               5                       0
     80 X0000080               4                       0
     81 X0000081              16                       0
     82 X0000082              10                       0
     83 X0000083               1                       0
     84 X0000084               1                       0
     85 X0000085               1                       0
     86 X0000086              19                       0
     87 X0000087              22                       0
     88 X0000088               4                       0
     89 X0000089       29.160411                       0
     90 X0000090               1                       0
     91 X0000091               1                       0
     92 X0000092              13                       0
     93 X0000093               1                       0
     94 X0000094               4                       0
     95 X0000095               2                       0
     96 X0000096           1e-06                       0
