Optimal - objective value 1.99999894
      0 C0000000             365              0.57823842
      1 C0000001              -1              0.94458569
      2 C0000002               1                       0
      3 C0000003     -0.89726736                       0
      4 C0000004               1               1.0598543
      5 C0000005  -7.9966054e-14                       0
      6 C0000006               1               1.0598543
      7 C0000007              -1              0.54436984
      8 C0000008               1                       0
      9 C0000009              -1               0.8680967
     10 C0000010               1                       0
     11 C0000011              -1              0.34204249
     12 C0000012               1                       0
     13 C0000013              -1              0.71362108
     14 C0000014               1                       0
     15 C0000015              -1              0.61264253
     16 C0000016               1                       0
     17 C0000017              -1               1.0598543
     18 C0000018               3                       0
     19 C0000019              -1              0.39355415
     20 C0000020               1                       0
     21 C0000021              -1              0.22852199
     22 C0000022               1              0.83133236
     23 C0000023     -0.99999894                       0
     24 C0000024               1               1.0598543
     25 C0000025              -1              0.89490103
     26 C0000026               1                       0
     27 C0000027              -1              0.93716922
     28 C0000028               1                       0
     29 C0000029              -1                       0
     30 C0000030               1             0.060487282
     31 C0000031     -0.79026871                       0
     32 C0000032               1               1.0598543
     33 C0000033              -1               1.0598543
     34 C0000034       2.3601909                       0
     35 C0000035              -1              0.98961641
     36 C0000036               1             0.070237934
     37 C0000037              -1                       0
     38 C0000038               1              0.65493549
     39 C0000039              -1              0.43496794
     40 C0000040               1                       0
     41 C0000041              -1               0.6671295
     42 C0000042               1                       0
     43 C0000043              -1               1.0598543
     44 C0000044       1.1107455                       0
     45 C0000045              -1               1.0153909
     46 C0000046               1                       0
     47 C0000047              -1              0.86007988
     48 C0000048               1                       0
     49 C0000049               1              -228.42732
     50 C0000050       -1.000002                       0
     51 C0000051        0.999998                       0
     52 C0000052              -1              -21.665667
     53 C0000053        0.999998                       0
     54 C0000054              -1              -8.3088276
     55 C0000055           1e-06              -258.40181
     56 C0000056       2.3917007              -1.0598543
      0 X0000000               0              0.11526866
      1 X0000001     0.051366319                       0
      2 X0000002             0.5                       0
      3 X0000003               0               0.5154845
      4 X0000004               0              0.19175765
      5 X0000005               0              0.71781185
      6 X0000006               0              0.34623327
      7 X0000007               0              0.44721182
      8 X0000008               1                       0
      9 X0000009               0              0.66630019
     10 X0000010               0                       0
     11 X0000011    5.299272e-07                       0
     12 X0000012               0              0.16495332
     13 X0000013               0              0.12268513
     14 X0000014               0              0.99936706
     15 X0000015      0.10486564                       0
     16 X0000016      0.68009545                       0
     17 X0000017               0                       0
     18 X0000018               0              0.40491886
     19 X0000019               0              0.62488641
     20 X0000020               0              0.39272485
     21 X0000021     0.055372772                       0
     22 X0000022               0             0.044463442
     23 X0000023               0              0.19977446
     24 X0000024              20                       0
     25 X0000025       25.613109                       0
     26 X0000026              18             0.016048667
     27 X0000027               2                       0
     28 X0000028               4                       0
     29 X0000029               3                       0
     30 X0000030               4                       0
     31 X0000031               4                       0
     32 X0000032              36            -0.016336737
     33 X0000033              28                       0
     34 X0000034              43                       0
     35 X0000035       1.9999989                       0
     36 X0000036               6                       0
     37 X0000037              15                       0
     38 X0000038              18                       0
     39 X0000039       36.700509                       0
     40 X0000040       10.080573                       0
     41 X0000041               6                       0
     42 X0000042              27                       0
     43 X0000043               8                       0
     44 X0000044               3                       0
     45 X0000045        30.60581                       0
     46 X0000046               3                       0
     47 X0000047              12                       0
     48 X0000048           1e-06                       0
