Optimal - objective value 0.99999997
      0 C0000000             365              0.26295796
      1 C0000001              -1                       0
      2 C0000002               1             0.065900827
      3 C0000003              -1                       0
      4 C0000004               1             0.025287726
      5 C0000005              -1               0.6492064
      6 C0000006               1                       0
      7 C0000007              -1              0.68814366
      8 C0000008       2.2649605                       0
      9 C0000009              -1              0.37612377
     10 C0000010               1                       0
     11 C0000011              -1              0.58349482
     12 C0000012               1                       0
     13 C0000013              -1              0.68814366
     14 C0000014         2.26012                       0
     15 C0000015     -0.99999762                       0
     16 C0000016               1              0.68814366
     17 C0000017               0                       0
     18 C0000018               1              0.68814366
     19 C0000019              -1              0.68814366
     20 C0000020               3                       0
     21 C0000021              -1              0.36368094
     22 C0000022               1              0.32446272
     23 C0000023              -1              0.47285576
     24 C0000024               1                       0
     25 C0000025              -1              0.43783198
     26 C0000026               1                       0
     27 C0000027              -1              0.54309103
     28 C0000028               1                       0
     29 C0000029              -1              0.53553222
     30 C0000030               1              0.15261144
     31 C0000031              -1              0.26155368
     32 C0000032               1                       0
     33 C0000033     -0.99999995                       0
     34 C0000034               1              0.68814366
     35 C0000035              -1              0.51942241
     36 C0000036               1                       0
     37 C0000037      -0.4768513                       0
     38 C0000038               1              0.68814366
     39 C0000039              -1              0.43442197
     40 C0000040               1                       0
     41 C0000041              -1              0.23240787
     42 C0000042               1                       0
     43 C0000043              -1              0.23714915
     44 C0000044               1              0.45099451
     45 C0000045              -1                       0
     46 C0000046               1              0.38816546
     47 C0000047              -1              0.68814366
     48 C0000048       1.4028784                       0
     49 C0000049               1              -98.139483
     50 C0000050       -1.000002                       0
     51 C0000051        0.999998                       0
     52 C0000052              -1              -13.439645
     53 C0000053               1              -2.9498265
     54 C0000054       -1.000002                       0
     55 C0000055           1e-06              -114.52895
     56 C0000056        3.225555             -0.68814366
     57 C0000057       21.999974                       0
     58 C0000058       21.999974            -0.025276705
      0 X0000000               0              0.62224283
      1 X0000001               0              0.66285593
      2 X0000002               0             0.038937256
      3 X0000003      0.63248026                       0
      4 X0000004               0              0.31201989
      5 X0000005               0              0.10464884
      6 X0000006      0.63005998                       0
      7 X0000007    1.192019e-06                       0
      8 X0000008             0.5                       0
      9 X0000009               1                       0
     10 X0000010               0                       0
     11 X0000011               0               0.2152879
     12 X0000012               0              0.25031168
     13 X0000013               0              0.14505263
     14 X0000014               0                       0
     15 X0000015               0              0.42658998
     16 X0000016   2.5276629e-08                       0
     17 X0000017               0              0.16872125
     18 X0000018      0.26157435                       0
     19 X0000019               0              0.25372169
     20 X0000020               0              0.45573579
     21 X0000021               0                       0
     22 X0000022               0               0.2999782
     23 X0000023      0.20143918                       0
     24 X0000024              18                       0
     25 X0000025              34                       0
     26 X0000026              15                       0
     27 X0000027       8.1624013                       0
     28 X0000028               2                       0
     29 X0000029               3                       0
     30 X0000030        30.97114                       0
     31 X0000031       21.999974                       0
     32 X0000032              16           0.00070905934
     33 X0000033              14            -0.023295669
     34 X0000034              35                       0
     35 X0000035               4                       0
     36 X0000036              12                       0
     37 X0000037               5                       0
     38 X0000038              33                       0
     39 X0000039               3                       0
     40 X0000040      0.99999997                       0
     41 X0000041               4                       0
     42 X0000042       25.844898                       0
     43 X0000043               3                       0
     44 X0000044               1                       0
     45 X0000045              35                       0
     46 X0000046              22                       0
     47 X0000047       18.021588                       0
     48 X0000048           1e-06                       0
