Optimal - objective value 13.99998876
      0 C0000000             365              -8.5024448
      1 C0000001              -1               1.6785204
      2 C0000002               1                       0
      3 C0000003              -1               4.4144313
      4 C0000004               1                       0
      5 C0000005              -1               11.244712
      6 C0000006        1.881695                       0
      7 C0000007              -1               8.6116833
      8 C0000008               1                       0
      9 C0000009              -1               2.8151573
     10 C0000010               1                       0
     11 C0000011              -1               3.0332779
     12 C0000012               1                       0
     13 C0000013              -1               9.1580004
     14 C0000014               1               2.0867115
     15 C0000015              -1               11.244712
     16 C0000016       2.1229186                       0
     17 C0000017              -1               3.5745263
     18 C0000018               1                       0
     19 C0000019              -1               3.2283825
     20 C0000020               1                       0
     21 C0000021              -1                6.605184
     22 C0000022               1               4.6395278
     23 C0000023   9.9805895e-14                       0
     24 C0000024               1               11.244712
     25 C0000025              -1               2.4066084
     26 C0000026               1                       0
     27 C0000027              -1               2.3019574
     28 C0000028               1                       0
     29 C0000029              -1               6.2490228
     30 C0000030               1                       0
     31 C0000031              -1                       0
     32 C0000032               1              0.39421692
     33 C0000033              -1               4.6648253
     34 C0000034               1                       0
     35 C0000035              -1               3.5871711
     36 C0000036               1                       0
     37 C0000037              -1               6.7107424
     38 C0000038               1                       0
     39 C0000039              -1               2.6788343
     40 C0000040               1                       0
     41 C0000041              -1               1.5309655
     42 C0000042               1                       0
     43 C0000043              -1               7.7405272
     44 C0000044               1                       0
     45 C0000045              -1               8.0067078
     46 C0000046               1                3.238004
     47 C0000047              -1               6.3535389
     48 C0000048               1                       0
     49 C0000049              -1               3.2259619
     50 C0000050               1                       0
     51 C0000051              -1               2.1388234
     52 C0000052               1                       0
     53 C0000053     -0.78963895                       0
     54 C0000054               1               11.244712
     55 C0000055              -1               1.4502871
     56 C0000056               1                       0
     57 C0000057              -1               2.2670112
     58 C0000058               1                       0
     59 C0000059              -1              0.52042639
     60 C0000060               1                       0
     61 C0000061              -1               1.6207224
     62 C0000062               1                       0
     63 C0000063              -1               0.7294574
     64 C0000064               1                       0
     65 C0000065              -1               2.0163891
     66 C0000066               1                       0
     67 C0000067              -1              0.41891539
     68 C0000068               1                       0
     69 C0000069              -1               2.2824235
     70 C0000070               1                       0
     71 C0000071              -1               2.4772505
     72 C0000072               1                       0
     73 C0000073              -1               11.244712
     74 C0000074       1.2107402                       0
     75 C0000075              -1               5.2719088
     76 C0000076               1                       0
     77 C0000077              -1               1.6705732
     78 C0000078               1                       0
     79 C0000079              -1                       0
     80 C0000080               1               9.8432594
     81 C0000081              -1               0.9921708
     82 C0000082               1                       0
     83 C0000083              -1               1.6063797
     84 C0000084               1                       0
     85 C0000085              -1               3.2608182
     86 C0000086               1                       0
     87 C0000087              -1               9.7214562
     88 C0000088               1               1.5232556
     89 C0000089     -0.99999839                       0
     90 C0000090               1               11.244712
     91 C0000091              -1               1.4710135
     92 C0000092               1                       0
     93 C0000093              -1               1.0906187
     94 C0000094               1                       0
     95 C0000095              -1               1.4576812
     96 C0000096               1                       0
     97 C0000097        0.999998                       0
     98 C0000098              -1              -3186.5165
     99 C0000099        0.999998                       0
    100 C0000100              -1              -142.75331
    101 C0000101               1              -73.513481
    102 C0000102       -1.000002                       0
    103 C0000103           1e-06              -3402.7833
    104 C0000104       1.7128582              -11.244712
      0 X0000000               0               9.5661914
      1 X0000001               0               6.8302805
      2 X0000002      0.44084752                       0
      3 X0000003               0               2.6330285
      4 X0000004               0               8.4295545
      5 X0000005               0               8.2114339
      6 X0000006               0                       0
      7 X0000007      0.56145931                       0
      8 X0000008               0               7.6701856
      9 X0000009               0               8.0163293
     10 X0000010               0                       0
     11 X0000011             0.5                       0
     12 X0000012               0               8.8381034
     13 X0000013               0               8.9427544
     14 X0000014               0                4.995689
     15 X0000015               0               10.850495
     16 X0000016               0               6.5798865
     17 X0000017               0               7.6575408
     18 X0000018               0               4.5339695
     19 X0000019               0               8.5658775
     20 X0000020               0               9.7137463
     21 X0000021               0               3.5041846
     22 X0000022               0                       0
     23 X0000023               0               4.8911729
     24 X0000024               0               8.0187499
     25 X0000025               0               9.1058884
     26 X0000026      0.10518053                       0
     27 X0000027               0               9.7944248
     28 X0000028               0               8.9777006
     29 X0000029               0               10.724285
     30 X0000030               0               9.6239894
     31 X0000031               0               10.515254
     32 X0000032               0               9.2283228
     33 X0000033               0               10.825796
     34 X0000034               0               8.9622883
     35 X0000035               0               8.7674613
     36 X0000036      0.10537008                       0
     37 X0000037               0                5.972803
     38 X0000038               0               9.5741387
     39 X0000039               0               1.4014524
     40 X0000040               0               10.252541
     41 X0000041               0               9.6383321
     42 X0000042               0               7.9838936
     43 X0000043               0                       0
     44 X0000044   8.0319378e-07                       0
     45 X0000045               0               9.7736983
     46 X0000046               0               10.154093
     47 X0000047               0               9.7870306
     48 X0000048              19                       0
     49 X0000049               5                       0
     50 X0000050       18.731018                       0
     51 X0000051              13                       0
     52 X0000052               1                       0
     53 X0000053               2                       0
     54 X0000054               5                       0
     55 X0000055       28.106268                       0
     56 X0000056               2                       0
     57 X0000057               2                       0
     58 X0000058               9                       0
     59 X0000059              15             0.014358169
     60 X0000060               1                       0
     61 X0000061               1                       0
     62 X0000062              12                       0
     63 X0000063              16                       0
     64 X0000064              22                       0
     65 X0000065               1                       0
     66 X0000066               3                       0
     67 X0000067               2                       0
     68 X0000068              20                       0
     69 X0000069              12                       0
     70 X0000070               3                       0
     71 X0000071               3                       0
     72 X0000072               6                       0
     73 X0000073               1                       0
     74 X0000074       26.844584                       0
     75 X0000075               1                       0
     76 X0000076               8                       0
     77 X0000077               2                       0
     78 X0000078               1                       0
     79 X0000079               1                       0
     80 X0000080               1                       0
     81 X0000081               4                       0
     82 X0000082               1                       0
     83 X0000083               2                       0
     84 X0000084       24.318142                       0
     85 X0000085               4                       0
     86 X0000086               2                       0
     87 X0000087              20                       0
     88 X0000088               1                       0
     89 X0000089               1                       0
     90 X0000090               1                       0
     91 X0000091              21                       0
     92 X0000092       13.999989                       0
     93 X0000093               1                       0
     94 X0000094               1                       0
     95 X0000095               4                       0
     96 X0000096           1e-06                       0
