Optimal - objective value 0.99999999
      0 C0000000             365               1.0636894
      1 C0000001              -1              0.50154432
      2 C0000002               1                       0
      3 C0000003              -1                       0
      4 C0000004               1              0.25858873
      5 C0000005     -0.99999875                       0
      6 C0000006               1              0.80827486
      7 C0000007              -1                       0
      8 C0000008               1             0.068868346
      9 C0000009              -1              0.53478804
     10 C0000010               1                       0
     11 C0000011              -1              0.72033722
     12 C0000012               1             0.087937644
     13 C0000013     -0.60047909                       0
     14 C0000014               1              0.80827486
     15 C0000015              -1              0.38534312
     16 C0000016               1                       0
     17 C0000017              -1             0.044872239
     18 C0000018               1                       0
     19 C0000019              -1             0.094837899
     20 C0000020               1                       0
     21 C0000021              -1              0.45432034
     22 C0000022               1                       0
     23 C0000023              -1              0.68645965
     24 C0000024               1                       0
     25 C0000025              -1              0.54866904
     26 C0000026               1              0.25960583
     27 C0000027              -1              0.80827486
     28 C0000028       2.2009055                       0
     29 C0000029              -1              0.71097111
     30 C0000030               1             0.097303752
     31 C0000031              -1              0.26067273
     32 C0000032               1                       0
     33 C0000033              -1              0.80827486
     34 C0000034       1.2763647                       0
     35 C0000035              -1              0.15877626
     36 C0000036               1                       0
     37 C0000037              -1              0.80827486
     38 C0000038       2.9334162                       0
     39 C0000039  -6.6736576e-06                       0
     40 C0000040               1              0.80827486
     41 C0000041              -1              0.35802098
     42 C0000042               1                       0
     43 C0000043              -1              0.12848001
     44 C0000044               1                       0
     45 C0000045              -1                       0
     46 C0000046               1              0.14629087
     47 C0000047              -1              0.32732639
     48 C0000048               1                       0
     49 C0000049              -1              0.45236624
     50 C0000050               1                       0
     51 C0000051              -1              0.57364368
     52 C0000052               1                       0
     53 C0000053              -1              0.48412892
     54 C0000054               1                       0
     55 C0000055              -1              0.40915225
     56 C0000056               1                       0
     57 C0000057              -1                       0
     58 C0000058               1              0.25474481
     59 C0000059              -1              0.18739399
     60 C0000060               1                       0
     61 C0000061              -1                       0
     62 C0000062               1              0.71338132
     63 C0000063              -1              0.22159673
     64 C0000064               1                       0
     65 C0000065              -1              0.57115659
     66 C0000066               1                       0
     67 C0000067              -1              0.22258336
     68 C0000068               1                       0
     69 C0000069              -1              0.65000815
     70 C0000070               1              0.15826671
     71 C0000071              -1              0.18676618
     72 C0000072               1                       0
     73 C0000073              -1              0.29935211
     74 C0000074               1                       0
     75 C0000075     -0.99999998                       0
     76 C0000076               1              0.80827486
     77 C0000077              -1              0.69031692
     78 C0000078               1                       0
     79 C0000079              -1             0.051400347
     80 C0000080               1              0.75687452
     81 C0000081              -1              0.35597782
     82 C0000082               1                       0
     83 C0000083               0                       0
     84 C0000084               1              0.80827486
     85 C0000085              -1              0.17227647
     86 C0000086               1                       0
     87 C0000087              -1              0.17448614
     88 C0000088               1                       0
     89 C0000089              -1              0.22094412
     90 C0000090               1                       0
     91 C0000091              -1                0.173859
     92 C0000092               1                       0
     93 C0000093              -1              0.51890922
     94 C0000094               1                       0
     95 C0000095              -1              0.21675217
     96 C0000096               1                       0
     97 C0000097               1              -383.08265
     98 C0000098       -1.000002                       0
     99 C0000099        0.999998                       0
    100 C0000100              -1              -18.739867
    101 C0000101               1              -10.940381
    102 C0000102       -1.000002                       0
    103 C0000103           1e-06               -412.7629
    104 C0000104       2.9051009             -0.80827486
    105 C0000105       11.999992                       0
    106 C0000106       11.999992             -0.10144033
    107 C0000107               1                       0
    108 C0000108               1                       0
    109 C0000109               4                       0
    110 C0000110               4                       0
    111 C0000111               4                       0
    112 C0000112               4                       0
    113 C0000113        35.20996                       0
    114 C0000114        35.20996            -0.011043324
    115 C0000115              16                       0
    116 C0000116              16                       0
    117 C0000117              19                       0
    118 C0000118              19                       0
    119 C0000119               4                       0
    120 C0000120               4                       0
      0 X0000000               0              0.30673054
      1 X0000001               0              0.54968614
      2 X0000002   6.2637171e-07                       0
      3 X0000003               0              0.73940652
      4 X0000004               0              0.27348683
      5 X0000005               0                       0
      6 X0000006      0.19976045                       0
      7 X0000007               0              0.42293174
      8 X0000008               0              0.76340263
      9 X0000009               0              0.71343697
     10 X0000010               0              0.35395452
     11 X0000011               0              0.12181522
     12 X0000012               0                       0
     13 X0000013      0.60045274                       0
     14 X0000014               0                       0
     15 X0000015               0              0.54760213
     16 X0000016      0.13818236                       0
     17 X0000017               0              0.64949861
     18 X0000018      0.96670808                       0
     19 X0000019      0.49999666                       0
     20 X0000020               0              0.45025388
     21 X0000021               0              0.67979485
     22 X0000022               0              0.66198399
     23 X0000023               0              0.48094848
     24 X0000024               0              0.35590862
     25 X0000025               0              0.23463118
     26 X0000026               0              0.32414594
     27 X0000027               0              0.39912262
     28 X0000028               0              0.55353005
     29 X0000029               0              0.62088087
     30 X0000030               0             0.094893543
     31 X0000031               0              0.58667814
     32 X0000032               0              0.23711827
     33 X0000033               0              0.58569151
     34 X0000034               0                       0
     35 X0000035               0              0.62150869
     36 X0000036               0              0.50892276
     37 X0000037   1.1043281e-08                       0
     38 X0000038               0              0.11795794
     39 X0000039               0                       0
     40 X0000040               0              0.45229705
     41 X0000041             0.5                       0
     42 X0000042               0              0.63599839
     43 X0000043               0              0.63378872
     44 X0000044               0              0.58733074
     45 X0000045               0              0.63441586
     46 X0000046               0              0.28936565
     47 X0000047               0              0.59152269
     48 X0000048               3                       0
     49 X0000049              10                       0
     50 X0000050       11.999992                       0
     51 X0000051              20                       0
     52 X0000052               3                       0
     53 X0000053               4                       0
     54 X0000054       12.003593                       0
     55 X0000055               2                       0
     56 X0000056               2                       0
     57 X0000057              20                       0
     58 X0000058               1                       0
     59 X0000059               5                       0
     60 X0000060              18                       0
     61 X0000061        35.20996                       0
     62 X0000062               4                       0
     63 X0000063               1                       0
     64 X0000064       4.5527294                       0
     65 X0000065              12                       0
     66 X0000066       15.733665                       0
     67 X0000067       9.0000601                       0
     68 X0000068               1                       0
     69 X0000069               2                       0
     70 X0000070               8                       0
     71 X0000071               3                       0
     72 X0000072               3                       0
     73 X0000073               4                       0
     74 X0000074               2                       0
     75 X0000075               5                       0
     76 X0000076              12                       0
     77 X0000077               1                       0
     78 X0000078              16                       0
     79 X0000079               5                       0
     80 X0000080               4                       0
     81 X0000081              16                       0
     82 X0000082              10                       0
     83 X0000083               1                       0
     84 X0000084               1                       0
     85 X0000085      0.99999999                       0
     86 X0000086              19                       0
     87 X0000087              22                       0
     88 X0000088               4                       0
     89 X0000089             9.5             0.033815847
     90 X0000090               1                       0
     91 X0000091               1                       0
     92 X0000092              13                       0
     93 X0000093               1                       0
     94 X0000094               4                       0
     95 X0000095               2                       0
     96 X0000096           1e-06                       0
