Optimal - objective value 3.22555399
      0 C0000000             365              0.38212655
      1 C0000001              -1                       0
      2 C0000002               1             0.095766089
      3 C0000003              -1                       0
      4 C0000004               1             0.036747742
      5 C0000005              -1              0.94341697
      6 C0000006               1                       0
      7 C0000007              -1                       1
      8 C0000008       2.2649646                       0
      9 C0000009              -1               0.5465774
     10 C0000010               1                       0
     11 C0000011              -1              0.84792588
     12 C0000012               1                       0
     13 C0000013              -1                       1
     14 C0000014       2.2601227                       0
     15 C0000015              -1                       0
     16 C0000016               1              0.19190202
     17 C0000017               0                       0
     18 C0000018               1                       1
     19 C0000019              -1                       1
     20 C0000020               3                       0
     21 C0000021              -1              0.52849566
     22 C0000022               1              0.47150434
     23 C0000023              -1              0.68714687
     24 C0000024               1                       0
     25 C0000025              -1              0.63625083
     26 C0000026               1                       0
     27 C0000027              -1              0.78921171
     28 C0000028               1                       0
     29 C0000029              -1              0.55645471
     30 C0000030               1                       0
     31 C0000031              -1              0.38008586
     32 C0000032               1                       0
     33 C0000033              -1              0.45318494
     34 C0000034               1                       0
     35 C0000035              -1              0.75481681
     36 C0000036               1                       0
     37 C0000037     -0.47685071                       0
     38 C0000038               1                       1
     39 C0000039              -1              0.63129546
     40 C0000040               1                       0
     41 C0000041              -1              0.33773161
     42 C0000042               1                       0
     43 C0000043              -1                       0
     44 C0000044               1              0.31075686
     45 C0000045              -1                       0
     46 C0000046               1               0.5640762
     47 C0000047              -1                       1
     48 C0000048       1.4028714                       0
     49 C0000049               1              -142.61482
     50 C0000050       -1.000002                       0
     51 C0000051        0.999998                       0
     52 C0000052              -1              -19.530289
     53 C0000053               1              -4.2866434
     54 C0000054       -1.000002                       0
     55 C0000055           1e-06              -166.43175
      0 X0000000               0              0.90423391
      1 X0000001               0              0.96325226
      2 X0000002               0             0.056583034
      3 X0000003      0.63248231                       0
      4 X0000004               0               0.4534226
      5 X0000005               0              0.15207412
      6 X0000006      0.63006136                       0
      7 X0000007               0              0.80809798
      8 X0000008             0.5                       0
      9 X0000009               1                       0
     10 X0000010               0                       0
     11 X0000011               0              0.31285313
     12 X0000012               0              0.36374917
     13 X0000013               0              0.21078829
     14 X0000014               0              0.44354529
     15 X0000015               0              0.61991414
     16 X0000016               0              0.54681506
     17 X0000017               0              0.24518319
     18 X0000018      0.26157464                       0
     19 X0000019               0              0.36870454
     20 X0000020               0              0.66226839
     21 X0000021               0              0.68924314
     22 X0000022               0               0.4359238
     23 X0000023      0.20143568                       0
     24 X0000024              18                       0
     25 X0000025              34                       0
     26 X0000026              15                       0
     27 X0000027       8.1624115                       0
     28 X0000028               2                       0
     29 X0000029               3                       0
     30 X0000030       30.971166                       0
     31 X0000031              22                       0
     32 X0000032              16            0.0010303943
     33 X0000033              14            -0.033852915
     34 X0000034              35                       0
     35 X0000035               4                       0
     36 X0000036              12                       0
     37 X0000037               5                       0
     38 X0000038              33                       0
     39 X0000039               3                       0
     40 X0000040               1                       0
     41 X0000041               4                       0
     42 X0000042       25.844887                       0
     43 X0000043               3                       0
     44 X0000044               1                       0
     45 X0000045              35                       0
     46 X0000046              22                       0
     47 X0000047       18.021535                       0
     48 X0000048           1e-06                       0
