Optimal - objective value 19.99999680
      0 C0000000             365              -26.090137
      1 C0000001              -1               27.847445
      2 C0000002               1                       0
      3 C0000003              -1                       0
      4 C0000004               1             0.069191965
      5 C0000005     -0.99999842                       0
      6 C0000006               1               33.431934
      7 C0000007              -1                       0
      8 C0000008               1               22.162407
      9 C0000009              -1               33.431934
     10 C0000010       1.7291736                       0
     11 C0000011              -1               31.895895
     12 C0000012               1               1.5360386
     13 C0000013              -1               15.575082
     14 C0000014               1                       0
     15 C0000015              -1                20.61118
     16 C0000016               1                       0
     17 C0000017              -1                10.96469
     18 C0000018               1                       0
     19 C0000019     -0.99999968                       0
     20 C0000020               1               33.431934
     21 C0000021              -1               23.175684
     22 C0000022               1                       0
     23 C0000023              -1               16.493152
     24 C0000024               1                       0
     25 C0000025  -8.0140838e-14                       0
     26 C0000026               1               33.431934
     27 C0000027     -0.35544504                       0
     28 C0000028               1               33.431934
     29 C0000029              -1               33.431934
     30 C0000030               3                       0
     31 C0000031              -1               14.505603
     32 C0000032               1                       0
     33 C0000033              -1               31.336255
     34 C0000034               1                       0
     35 C0000035              -1                       0
     36 C0000036               1               12.691425
     37 C0000037              -1               23.778323
     38 C0000038               1                       0
     39 C0000039              -1               6.6906607
     40 C0000040               1                       0
     41 C0000041              -1               13.727302
     42 C0000042               1                       0
     43 C0000043              -1               14.608702
     44 C0000044               1                       0
     45 C0000045              -1               27.101525
     46 C0000046               1                       0
     47 C0000047              -1               23.545109
     48 C0000048               1                       0
     49 C0000049              -1               33.431934
     50 C0000050       1.5572883                       0
     51 C0000051              -1                20.15817
     52 C0000052               1                       0
     53 C0000053              -1               32.570537
     54 C0000054               1                       0
     55 C0000055              -1                       0
     56 C0000056               1               3.2887937
     57 C0000057              -1               7.8780031
     58 C0000058               1                       0
     59 C0000059              -1               13.862595
     60 C0000060               1                       0
     61 C0000061              -1               14.336311
     62 C0000062               1                       0
     63 C0000063              -1               24.803542
     64 C0000064               1                       0
     65 C0000065              -1               15.761815
     66 C0000066               1                       0
     67 C0000067              -1                       0
     68 C0000068               1                13.02601
     69 C0000069              -1               20.538149
     70 C0000070               1                       0
     71 C0000071              -1               5.6225767
     72 C0000072               1                       0
     73 C0000073              -1               13.175736
     74 C0000074               1                       0
     75 C0000075              -1                11.24412
     76 C0000076               1                       0
     77 C0000077              -1                       0
     78 C0000078               1               28.367601
     79 C0000079              -1                23.08234
     80 C0000080               1                       0
     81 C0000081              -1               8.7191421
     82 C0000082               1                       0
     83 C0000083              -1               33.431934
     84 C0000084       2.0695184                       0
     85 C0000085              -1               12.384542
     86 C0000086               1                       0
     87 C0000087              -1               12.700209
     88 C0000088               1                       0
     89 C0000089              -1               26.771376
     90 C0000090               1                       0
     91 C0000091              -1               7.7912302
     92 C0000092               1                       0
     93 C0000093              -1               8.7169568
     94 C0000094               1                       0
     95 C0000095              -1               16.563392
     96 C0000096               1                       0
     97 C0000097        0.999998                       0
     98 C0000098              -1              -9075.6669
     99 C0000099        0.999998                       0
    100 C0000100              -1              -1025.8673
    101 C0000101        0.999998                       0
    102 C0000102              -1              -109.31095
    103 C0000103           1e-06              -10210.845
    104 C0000104       3.0002685              -33.431934
    105 C0000105       11.999991                       0
    106 C0000106       11.999991              -3.1983144
      0 X0000000               0               5.5844892
      1 X0000001               0               33.362742
      2 X0000002   7.8774837e-07                       0
      3 X0000003               0               11.269526
      4 X0000004       0.3645868                       0
      5 X0000005               0                       0
      6 X0000006               0               17.856852
      7 X0000007               0               12.820754
      8 X0000008               0               22.467244
      9 X0000009   1.5991561e-07                       0
     10 X0000010               0                10.25625
     11 X0000011               0               16.938782
     12 X0000012             0.5                       0
     13 X0000013      0.32227748                       0
     14 X0000014               1                       0
     15 X0000015               0               18.926331
     16 X0000016               0                2.095679
     17 X0000017               0               20.740509
     18 X0000018               0                9.653611
     19 X0000019               0               26.741273
     20 X0000020               0               19.704632
     21 X0000021               0               18.823232
     22 X0000022               0               6.3304092
     23 X0000023               0               9.8868251
     24 X0000024      0.27864414                       0
     25 X0000025               0               13.273764
     26 X0000026               0              0.86139684
     27 X0000027               0                30.14314
     28 X0000028               0               25.553931
     29 X0000029               0               19.569339
     30 X0000030               0               19.095623
     31 X0000031               0               8.6283919
     32 X0000032               0               17.670119
     33 X0000033               0               20.405924
     34 X0000034               0               12.893785
     35 X0000035               0               27.809357
     36 X0000036               0               20.256198
     37 X0000037               0               22.187814
     38 X0000038               0               5.0643329
     39 X0000039               0               10.349594
     40 X0000040               0               24.712792
     41 X0000041      0.53475918                       0
     42 X0000042               0               21.047392
     43 X0000043               0               20.731725
     44 X0000044               0               6.6605575
     45 X0000045               0               25.640704
     46 X0000046               0               24.714977
     47 X0000047               0               16.868542
     48 X0000048               3                       0
     49 X0000049              10                       0
     50 X0000050       11.999991                       0
     51 X0000051              20                       0
     52 X0000052       4.0937604                       0
     53 X0000053               4                       0
     54 X0000054              15                       0
     55 X0000055               2                       0
     56 X0000056               2                       0
     57 X0000057       19.999997                       0
     58 X0000058               1                       0
     59 X0000059               5                       0
     60 X0000060               9             0.060799661
     61 X0000061       14.909895                       0
     62 X0000062               8              -1.5502364
     63 X0000063               1                       0
     64 X0000064               4                       0
     65 X0000065              12                       0
     66 X0000066               8                       0
     67 X0000067              18                       0
     68 X0000068               1                       0
     69 X0000069               2                       0
     70 X0000070               8                       0
     71 X0000071               3                       0
     72 X0000072       3.8359324                       0
     73 X0000073               4                       0
     74 X0000074               2                       0
     75 X0000075               5                       0
     76 X0000076              12                       0
     77 X0000077               1                       0
     78 X0000078              16                       0
     79 X0000079               5                       0
     80 X0000080               4                       0
     81 X0000081              16                       0
     82 X0000082              10                       0
     83 X0000083               1                       0
     84 X0000084               1                       0
     85 X0000085               1                       0
     86 X0000086              19                       0
     87 X0000087              22                       0
     88 X0000088               4                       0
     89 X0000089       29.160424                       0
     90 X0000090               1                       0
     91 X0000091               1                       0
     92 X0000092              13                       0
     93 X0000093               1                       0
     94 X0000094               4                       0
     95 X0000095               2                       0
     96 X0000096           1e-06                       0
