Optimal - objective value 3.00729443
      0 C0000000             365               26.456085
      1 C0000001     -0.69718673                       0
      2 C0000002               1               7.4438454
      3 C0000003              -1               6.7239191
      4 C0000004               1                       0
      5 C0000005              -1               7.4438454
      6 C0000006       1.6135937                       0
      7 C0000007              -1               7.4438454
      8 C0000008       2.9999995                       0
      9 C0000009  -4.0603692e-07                       0
     10 C0000010               1               7.4438454
     11 C0000011   -0.0024314778                       0
     12 C0000012               1               7.4438454
     13 C0000013  -5.0154144e-14                       0
     14 C0000014               1               7.4438454
     15 C0000015              -1               7.4438454
     16 C0000016               3                       0
     17 C0000017              -1                       0
     18 C0000018               1               6.0580865
     19 C0000019               0                       0
     20 C0000020               1               7.4438454
     21 C0000021              -1                1.698684
     22 C0000022               1                       0
     23 C0000023              -1               7.4438454
     24 C0000024       1.0298516                       0
     25 C0000025               1              -9776.7822
     26 C0000026       -1.001098                       0
     27 C0000027      0.99890196                       0
     28 C0000028              -1              -83.623153
     29 C0000029      0.99890196                       0
     30 C0000030              -1              -92.067787
     31 C0000031   0.00054902028              -9952.4731
     32 C0000032       4.4719131              -7.4438454
     33 C0000033       19.999998                       0
     34 C0000034       19.999998               -1.233204
     35 C0000035            10.5                       0
     36 C0000036            10.5                       0
      0 X0000000      0.15140663                       0
      1 X0000001               0               0.7199263
      2 X0000002      0.30679685                       0
      3 X0000003      0.99999977                       0
      4 X0000004       0.4999998                       0
      5 X0000005      0.49878426                       0
      6 X0000006             0.5                       0
      7 X0000007               1                       0
      8 X0000008               0               1.3857588
      9 X0000009             0.5                       0
     10 X0000010               0               5.7451614
     11 X0000011     0.014925787                       0
     12 X0000012       46.672635                       0
     13 X0000013              65                       0
     14 X0000014       10.454375                       0
     15 X0000015       19.999998                       0
     16 X0000016       5.5000022                       0
     17 X0000017       3.0072944                       0
     18 X0000018            10.5              0.74644905
     19 X0000019              36            -0.057308979
     20 X0000020              81                       0
     21 X0000021               4             0.047496227
     22 X0000022              24                       0
     23 X0000023       58.865696                       0
     24 X0000024   0.00054902028                       0
