Optimal - objective value 34.95815305
      0 C0000000             365               -58.52403
      1 C0000001              -1               18.323485
      2 C0000002               1               2.6973005
      3 C0000003              -1                       0
      4 C0000004               1               14.753662
      5 C0000005      -0.9899185                       0
      6 C0000006               1               21.020785
      7 C0000007              -1               7.1695252
      8 C0000008               1                       0
      9 C0000009              -1               21.020785
     10 C0000010       1.0000003                       0
     11 C0000011  -6.9787608e-08                       0
     12 C0000012               1               21.020785
     13 C0000013              -1               21.020785
     14 C0000014       1.9970794                       0
     15 C0000015              -1                18.90847
     16 C0000016               1               2.1123145
     17 C0000017              -1               21.020785
     18 C0000018               3                       0
     19 C0000019              -1               21.020785
     20 C0000020       2.4169246                       0
     21 C0000021      -0.9999988                       0
     22 C0000022               1               21.020785
     23 C0000023              -1               21.020785
     24 C0000024               3                       0
     25 C0000025              -1               3.1284326
     26 C0000026               1               17.892352
     27 C0000027               0                       0
     28 C0000028               1               21.020785
     29 C0000029              -1               5.6691957
     30 C0000030               1                       0
     31 C0000031              -1               16.048173
     32 C0000032               1                       0
     33 C0000033              -1                       0
     34 C0000034               1               2.0308147
     35 C0000035     -0.70527576                       0
     36 C0000036               1               21.020785
     37 C0000037               0                       0
     38 C0000038               1               21.020785
     39 C0000039              -1                       0
     40 C0000040               1               8.0869218
     41 C0000041              -1               21.020785
     42 C0000042               3                       0
     43 C0000043              -1                2.765244
     44 C0000044               1                       0
     45 C0000045              -1               21.020785
     46 C0000046               1                       0
     47 C0000047              -1               8.1269336
     48 C0000048               1                       0
     49 C0000049        0.999998                       0
     50 C0000050              -1              -21386.333
     51 C0000051        0.999998                       0
     52 C0000052              -1              -305.06122
     53 C0000053        0.999998                       0
     54 C0000054              -1              -55.003432
     55 C0000055           1e-06              -21746.397
     56 C0000056       5.8594056              -21.020785
     57 C0000057        4.999997                       0
     58 C0000058        4.999997              -5.4222791
     59 C0000059               5                       0
     60 C0000060               5                       0
     61 C0000061            14.5                       0
     62 C0000062            14.5                       0
     63 C0000063        39.79837                       0
     64 C0000064        39.79837             -0.85632974
     65 C0000065              50                       0
     66 C0000066              50                       0
     67 C0000067              12                       0
     68 C0000068              12                       0
     69 C0000069               5                       0
     70 C0000070               5                       0
     71 C0000071              10                       0
     72 C0000072              10                       0
     73 C0000073               6                       0
     74 C0000074               6                       0
     75 C0000075              12                       0
     76 C0000076              12                       0
     77 C0000077              14                       0
     78 C0000078              14                       0
     79 C0000079       10.250774                       0
     80 C0000080       10.250774                       0
     81 C0000081       7.4926984                       0
     82 C0000082       7.4926984             -0.49398801
     83 C0000083               3                       0
     84 C0000084               3                       0
     85 C0000085              16                       0
     86 C0000086              16                       0
     87 C0000087       45.000007                       0
     88 C0000088       45.000007                       0
      0 X0000000               0                       0
      1 X0000001               0               6.2671228
      2 X0000002    0.0050407477                       0
      3 X0000003               0                13.85126
      4 X0000004   1.6248856e-07                       0
      5 X0000005      0.49999997                       0
      6 X0000006      0.49853968                       0
      7 X0000007               0                       0
      8 X0000008               1                       0
      9 X0000009       0.7084623                       0
     10 X0000010    5.997216e-07                       0
     11 X0000011               1                       0
     12 X0000012               0                       0
     13 X0000013             0.5                       0
     14 X0000014               0               15.351589
     15 X0000015               0               4.9726116
     16 X0000016               0                18.98997
     17 X0000017      0.14736212                       0
     18 X0000018             0.5                       0
     19 X0000019               0               12.933863
     20 X0000020               1                       0
     21 X0000021               0               18.255541
     22 X0000022    1.755558e-10                       0
     23 X0000023               0               12.893851
     24 X0000024              12                       0
     25 X0000025              10                       0
     26 X0000026        39.79837                       0
     27 X0000027               1                       0
     28 X0000028       45.000007                       0
     29 X0000029       5.5000004                       0
     30 X0000030       7.4926984                       0
     31 X0000031              33                       0
     32 X0000032              50              -2.3185471
     33 X0000033       10.250774                       0
     34 X0000034        4.999997                       0
     35 X0000035              12               -2.834923
     36 X0000036              12                       0
     37 X0000037            14.5               2.0294215
     38 X0000038               3                       0
     39 X0000039               5                       0
     40 X0000040               5                       0
     41 X0000041       34.958153                       0
     42 X0000042            14.5               1.6339318
     43 X0000043               8                       0
     44 X0000044               6              -1.9448704
     45 X0000045               1                       0
     46 X0000046              14                       0
     47 X0000047              16                       0
     48 X0000048           1e-06                       0
