Optimal - objective value 1.35178755
      0 C0000000             365             -0.47415695
      1 C0000001              -1              0.11299612
      2 C0000002               1                       0
      3 C0000003              -1                       0
      4 C0000004               1              0.59654874
      5 C0000005              -1              0.23910956
      6 C0000006               1                       0
      7 C0000007              -1                       1
      8 C0000008       1.1101141                       0
      9 C0000009              -1              0.95830644
     10 C0000010               1                       0
     11 C0000011              -1              0.92055119
     12 C0000012               1                       0
     13 C0000013              -1              0.30896006
     14 C0000014               1                       0
     15 C0000015              -1              0.08817528
     16 C0000016               1                       0
     17 C0000017              -1               0.3053069
     18 C0000018               1                       0
     19 C0000019              -1              0.47827102
     20 C0000020               1                       0
     21 C0000021              -1                       0
     22 C0000022               1              0.30414696
     23 C0000023              -1              0.12059098
     24 C0000024               1                       0
     25 C0000025              -1              0.52829121
     26 C0000026               1                       0
     27 C0000027              -1              0.52241219
     28 C0000028               1                       0
     29 C0000029              -1                       1
     30 C0000030       2.1723192                       0
     31 C0000031              -1                       1
     32 C0000032       1.5086503                       0
     33 C0000033              -1             0.021437649
     34 C0000034               1              0.97856235
     35 C0000035              -1              0.35716572
     36 C0000036               1                       0
     37 C0000037              -1                       0
     38 C0000038               1              0.32729897
     39 C0000039              -1              0.59960359
     40 C0000040               1                       0
     41 C0000041              -1              0.38218482
     42 C0000042               1                       0
     43 C0000043              -1               0.2644739
     44 C0000044               1                       0
     45 C0000045              -1               0.4139148
     46 C0000046               1                       0
     47 C0000047              -1             0.071154348
     48 C0000048               1                       0
     49 C0000049              -1                       0
     50 C0000050               1              0.38727099
     51 C0000051              -1              0.35997846
     52 C0000052               1                       0
     53 C0000053              -1              0.27829052
     54 C0000054               1                       0
     55 C0000055              -1              0.33071178
     56 C0000056               1                       0
     57 C0000057              -1              0.52119811
     58 C0000058               1                       0
     59 C0000059              -1               0.4498808
     60 C0000060               1                       0
     61 C0000061              -1              0.70074623
     62 C0000062               1                       0
     63 C0000063              -1                       0
     64 C0000064               1              0.22025983
     65 C0000065              -1              0.45249471
     66 C0000066               1                       0
     67 C0000067              -1                       0
     68 C0000068               1              0.35579795
     69 C0000069              -1              0.45915406
     70 C0000070               1                       0
     71 C0000071              -1              0.48177789
     72 C0000072               1                       0
     73 C0000073              -1              0.55466638
     74 C0000074               1                       0
     75 C0000075              -1               0.3442431
     76 C0000076               1                       0
     77 C0000077              -1                       0
     78 C0000078               1              0.23856252
     79 C0000079              -1              0.78230933
     80 C0000080               1                       0
     81 C0000081    -0.087508451                       0
     82 C0000082               1                       1
     83 C0000083              -1                       0
     84 C0000084               1              0.31213084
     85 C0000085              -1                       0
     86 C0000086               1               0.2191328
     87 C0000087              -1              0.31411635
     88 C0000088               1                       0
     89 C0000089              -1                       0
     90 C0000090               1              0.29419711
     91 C0000091              -1              0.21677183
     92 C0000092               1                       0
     93 C0000093              -1              0.12926305
     94 C0000094               1                       0
     95 C0000095              -1               0.5680057
     96 C0000096               1                       0
     97 C0000097        0.999998                       0
     98 C0000098              -1              -148.86342
     99 C0000099        0.999998                       0
    100 C0000100              -1              -24.834287
    101 C0000101        0.999998                       0
    102 C0000102              -1              -12.124159
    103 C0000103           1e-06              -185.82187
      0 X0000000               0              0.88700388
      1 X0000001               0              0.40345126
      2 X0000002               0              0.76089044
      3 X0000003     0.055057037                       0
      4 X0000004               0             0.041693557
      5 X0000005               0              0.07944881
      6 X0000006               0              0.69103994
      7 X0000007               0              0.91182472
      8 X0000008               0               0.6946931
      9 X0000009               0              0.52172898
     10 X0000010               0              0.69585304
     11 X0000011               0              0.87940902
     12 X0000012               0              0.47170879
     13 X0000013               0              0.47758781
     14 X0000014      0.58615961                       0
     15 X0000015      0.25432513                       0
     16 X0000016               0                       0
     17 X0000017               0              0.64283428
     18 X0000018               0              0.67270103
     19 X0000019               0              0.40039641
     20 X0000020               0              0.61781518
     21 X0000021               0               0.7355261
     22 X0000022               0               0.5860852
     23 X0000023               0              0.92884565
     24 X0000024               0              0.61272901
     25 X0000025               0              0.64002154
     26 X0000026               0              0.72170948
     27 X0000027               0              0.66928822
     28 X0000028               0              0.47880189
     29 X0000029               0               0.5501192
     30 X0000030               0              0.29925377
     31 X0000031               0              0.77974017
     32 X0000032               0              0.54750529
     33 X0000033               0              0.64420205
     34 X0000034               0              0.54084594
     35 X0000035               0              0.51822211
     36 X0000036               0              0.44533362
     37 X0000037               0               0.6557569
     38 X0000038               0              0.76143748
     39 X0000039               0              0.21769067
     40 X0000040      0.45624577                       0
     41 X0000041               0              0.68786916
     42 X0000042               0               0.7808672
     43 X0000043               0              0.68588365
     44 X0000044               0              0.70580289
     45 X0000045               0              0.78322817
     46 X0000046               0              0.87073695
     47 X0000047               0               0.4319943
     48 X0000048               6                       0
     49 X0000049              19                       0
     50 X0000050               7                       0
     51 X0000051       4.2202281                       0
     52 X0000052               4                       0
     53 X0000053               3                       0
     54 X0000054               1                       0
     55 X0000055               3                       0
     56 X0000056               2                       0
     57 X0000057               3                       0
     58 X0000058              15                       0
     59 X0000059               4                       0
     60 X0000060               1                       0
     61 X0000061               8                       0
     62 X0000062       6.3446384                       0
     63 X0000063       30.103803                       0
     64 X0000064              18                       0
     65 X0000065               5                       0
     66 X0000066              16                       0
     67 X0000067               9                       0
     68 X0000068               2                       0
     69 X0000069               1                       0
     70 X0000070               2                       0
     71 X0000071               6                       0
     72 X0000072              23                       0
     73 X0000073               1                       0
     74 X0000074              10                       0
     75 X0000075               1                       0
     76 X0000076              14                       0
     77 X0000077               4                       0
     78 X0000078               3                       0
     79 X0000079              13                       0
     80 X0000080               1                       0
     81 X0000081              23                       0
     82 X0000082               4                       0
     83 X0000083               4                       0
     84 X0000084               6                       0
     85 X0000085               1                       0
     86 X0000086              20                       0
     87 X0000087               4                       0
     88 X0000088        10.33133                       0
     89 X0000089               9                       0
     90 X0000090               8                       0
     91 X0000091               2                       0
     92 X0000092              19                       0
     93 X0000093               3                       0
     94 X0000094               1                       0
     95 X0000095               5                       0
     96 X0000096           1e-06                       0
