Optimal - objective value 0.99999999
      0 C0000000             365               1.0847871
      1 C0000001              -1              0.51149216
      2 C0000002               1                       0
      3 C0000003              -1              0.28029442
      4 C0000004               1               0.5440121
      5 C0000005     -0.99999875                       0
      6 C0000006               1              0.82430652
      7 C0000007              -1                       0
      8 C0000008               1              0.07023431
      9 C0000009              -1              0.54539524
     10 C0000010               1                       0
     11 C0000011              -1              0.73462469
     12 C0000012               1             0.089681835
     13 C0000013      -0.6004791                       0
     14 C0000014               1              0.82430652
     15 C0000015              -1              0.39298618
     16 C0000016               1                       0
     17 C0000017              -1             0.045762254
     18 C0000018               1                       0
     19 C0000019              -1             0.096718954
     20 C0000020               1                       0
     21 C0000021              -1              0.46333152
     22 C0000022               1                       0
     23 C0000023              -1              0.70007517
     24 C0000024               1                       0
     25 C0000025              -1               0.2947966
     26 C0000026               1                       0
     27 C0000027              -1              0.82430652
     28 C0000028       2.2009055                       0
     29 C0000029              -1              0.72507281
     30 C0000030               1             0.099233715
     31 C0000031              -1              0.26584302
     32 C0000032               1                       0
     33 C0000033              -1              0.82430652
     34 C0000034       1.2763647                       0
     35 C0000035              -1              0.16192549
     36 C0000036               1                       0
     37 C0000037              -1              0.82430652
     38 C0000038       2.9334161                       0
     39 C0000039  -6.6722805e-06                       0
     40 C0000040               1              0.82430652
     41 C0000041              -1              0.36512212
     42 C0000042               1                       0
     43 C0000043              -1              0.13102834
     44 C0000044               1                       0
     45 C0000045              -1                       0
     46 C0000046               1              0.14919246
     47 C0000047              -1              0.33381871
     48 C0000048               1                       0
     49 C0000049              -1              0.46133866
     50 C0000050               1                       0
     51 C0000051              -1              0.58502157
     52 C0000052               1                       0
     53 C0000053              -1              0.49373133
     54 C0000054               1                       0
     55 C0000055              -1              0.41726754
     56 C0000056               1                       0
     57 C0000057              -1                       0
     58 C0000058               1              0.25979753
     59 C0000059              -1              0.19111084
     60 C0000060               1                       0
     61 C0000061              -1                       0
     62 C0000062               1              0.72753082
     63 C0000063              -1              0.22599197
     64 C0000064               1                       0
     65 C0000065              -1              0.58248515
     66 C0000066               1                       0
     67 C0000067              -1              0.22699817
     68 C0000068               1                       0
     69 C0000069              -1              0.66290068
     70 C0000070               1              0.16140584
     71 C0000071              -1              0.19047058
     72 C0000072               1                       0
     73 C0000073              -1              0.30528958
     74 C0000074               1                       0
     75 C0000075              -1              0.19552789
     76 C0000076               1                       0
     77 C0000077              -1              0.70400895
     78 C0000078               1                       0
     79 C0000079              -1             0.052419843
     80 C0000080               1              0.77188668
     81 C0000081              -1              0.36303843
     82 C0000082               1                       0
     83 C0000083               0                       0
     84 C0000084               1              0.82430652
     85 C0000085     -0.99999998                       0
     86 C0000086               1              0.82430652
     87 C0000087              -1              0.17794697
     88 C0000088               1                       0
     89 C0000089              -1              0.22532642
     90 C0000090               1                       0
     91 C0000091              -1               0.1773074
     92 C0000092               1                       0
     93 C0000093              -1              0.52920148
     94 C0000094               1                       0
     95 C0000095              -1              0.22105132
     96 C0000096               1                       0
     97 C0000097               1              -390.68087
     98 C0000098       -1.000002                       0
     99 C0000099        0.999998                       0
    100 C0000100              -1              -19.111561
    101 C0000101               1              -11.157377
    102 C0000102       -1.000002                       0
    103 C0000103           1e-06              -420.94981
    104 C0000104       2.9051009             -0.82430652
    105 C0000105       11.999992                       0
    106 C0000106       11.999992             -0.10345234
    107 C0000107               1                       0
    108 C0000108               1                       0
    109 C0000109               4                       0
    110 C0000110               4                       0
    111 C0000111               4                       0
    112 C0000112               4                       0
    113 C0000113        35.20996                       0
    114 C0000114        35.20996            -0.011262362
    115 C0000115              16                       0
    116 C0000116              16                       0
    117 C0000117              19                       0
    118 C0000118              19                       0
    119 C0000119               4                       0
    120 C0000120               4                       0
    121 C0000121               1                       0
    122 C0000122               1                       0
      0 X0000000               0              0.31281436
      1 X0000001               0                       0
      2 X0000002   6.2637171e-07                       0
      3 X0000003               0              0.75407221
      4 X0000004               0              0.27891128
      5 X0000005               0                       0
      6 X0000006      0.19976045                       0
      7 X0000007               0              0.43132035
      8 X0000008               0              0.77854427
      9 X0000009               0              0.72758757
     10 X0000010               0                0.360975
     11 X0000011               0              0.12423135
     12 X0000012               0              0.52950992
     13 X0000013      0.60045274                       0
     14 X0000014               0                       0
     15 X0000015               0               0.5584635
     16 X0000016      0.13818236                       0
     17 X0000017               0              0.66238103
     18 X0000018      0.96670807                       0
     19 X0000019      0.49999666                       0
     20 X0000020               0               0.4591844
     21 X0000021               0              0.69327819
     22 X0000022               0              0.67511406
     23 X0000023               0              0.49048781
     24 X0000024               0              0.36296786
     25 X0000025               0              0.23928495
     26 X0000026               0              0.33057519
     27 X0000027               0              0.40703898
     28 X0000028               0                0.564509
     29 X0000029               0              0.63319568
     30 X0000030               0             0.096775701
     31 X0000031               0              0.59831455
     32 X0000032               0              0.24182138
     33 X0000033               0              0.59730836
     34 X0000034               0                       0
     35 X0000035               0              0.63383595
     36 X0000036               0              0.51901694
     37 X0000037               0              0.62877863
     38 X0000038               0              0.12029757
     39 X0000039               0                       0
     40 X0000040               0              0.46126809
     41 X0000041             0.5                       0
     42 X0000042   1.1262262e-08                       0
     43 X0000043               0              0.64635955
     44 X0000044               0               0.5989801
     45 X0000045               0              0.64699913
     46 X0000046               0              0.29510504
     47 X0000047               0               0.6032552
     48 X0000048               3                       0
     49 X0000049              10                       0
     50 X0000050       11.999992                       0
     51 X0000051              20                       0
     52 X0000052               3                       0
     53 X0000053               4                       0
     54 X0000054       12.003593                       0
     55 X0000055               2                       0
     56 X0000056               2                       0
     57 X0000057              20                       0
     58 X0000058               1                       0
     59 X0000059               5                       0
     60 X0000060              18                       0
     61 X0000061        35.20996                       0
     62 X0000062               4                       0
     63 X0000063               1                       0
     64 X0000064       4.5527294                       0
     65 X0000065              12                       0
     66 X0000066       15.733665                       0
     67 X0000067       9.0000601                       0
     68 X0000068               1                       0
     69 X0000069               2                       0
     70 X0000070               8                       0
     71 X0000071               3                       0
     72 X0000072               3                       0
     73 X0000073               4                       0
     74 X0000074               2                       0
     75 X0000075               5                       0
     76 X0000076              12                       0
     77 X0000077               1                       0
     78 X0000078              16                       0
     79 X0000079               5                       0
     80 X0000080               4                       0
     81 X0000081              16                       0
     82 X0000082              10                       0
     83 X0000083               1                       0
     84 X0000084               1                       0
     85 X0000085               1                       0
     86 X0000086              19                       0
     87 X0000087              22                       0
     88 X0000088               4                       0
     89 X0000089             9.5             0.034486564
     90 X0000090      0.99999999                       0
     91 X0000091               1                       0
     92 X0000092              13                       0
     93 X0000093               1                       0
     94 X0000094               4                       0
     95 X0000095               2                       0
     96 X0000096           1e-06                       0
