Optimal - objective value 4.09375042
      0 C0000000             365              -260.07009
      1 C0000001              -1               285.25269
      2 C0000002               1                       0
      3 C0000003              -1                       0
      4 C0000004               1               1.3790006
      5 C0000005     -0.99999842                       0
      6 C0000006               1               341.85748
      7 C0000007              -1                       0
      8 C0000008               1               215.63573
      9 C0000009              -1               341.85748
     10 C0000010       1.7291669                       0
     11 C0000011              -1               311.31938
     12 C0000012               1                       0
     13 C0000013              -1               152.50525
     14 C0000014               1                       0
     15 C0000015              -1               212.25781
     16 C0000016               1                       0
     17 C0000017              -1               111.96866
     18 C0000018               1                       0
     19 C0000019     -0.99999978                       0
     20 C0000020               1               341.85748
     21 C0000021              -1               238.45459
     22 C0000022               1                       0
     23 C0000023              -1               173.10795
     24 C0000024               1                       0
     25 C0000025  -1.8274978e-06                       0
     26 C0000026               1               341.85748
     27 C0000027     -0.35544441                       0
     28 C0000028               1               341.85748
     29 C0000029              -1               341.85748
     30 C0000030               3                       0
     31 C0000031              -1               149.63035
     32 C0000032               1                       0
     33 C0000033              -1               321.03887
     34 C0000034               1                       0
     35 C0000035              -1                       0
     36 C0000036               1               125.83504
     37 C0000037              -1               297.14497
     38 C0000038               1               44.712518
     39 C0000039              -1               198.33518
     40 C0000040               1                143.5223
     41 C0000041              -1               141.43105
     42 C0000042               1                       0
     43 C0000043              -1               149.26063
     44 C0000044               1                       0
     45 C0000045              -1               280.35469
     46 C0000046               1                       0
     47 C0000047              -1                242.3471
     48 C0000048               1                       0
     49 C0000049              -1               341.85748
     50 C0000050       1.5572978                       0
     51 C0000051              -1               208.54572
     52 C0000052               1                       0
     53 C0000053              -1               337.98476
     54 C0000054               1               3.8727273
     55 C0000055              -1                       0
     56 C0000056               1                33.84368
     57 C0000057              -1               78.171116
     58 C0000058               1                       0
     59 C0000059              -1               142.24618
     60 C0000060               1                       0
     61 C0000061              -1                246.1694
     62 C0000062               1               95.688079
     63 C0000063              -1               251.83507
     64 C0000064               1                       0
     65 C0000065              -1               160.35663
     66 C0000066               1                       0
     67 C0000067              -1                       0
     68 C0000068               1               142.93154
     69 C0000069              -1                208.4277
     70 C0000070               1                       0
     71 C0000071              -1               58.219971
     72 C0000072               1                       0
     73 C0000073              -1               136.62922
     74 C0000074               1                       0
     75 C0000075              -1               116.14534
     76 C0000076               1                       0
     77 C0000077              -1                       0
     78 C0000078               1               283.92133
     79 C0000079              -1               214.54077
     80 C0000080               1                       0
     81 C0000081              -1               87.189328
     82 C0000082               1                       0
     83 C0000083              -1               341.85748
     84 C0000084       2.0695168                       0
     85 C0000085              -1                126.7759
     86 C0000086               1                       0
     87 C0000087              -1               130.09854
     88 C0000088               1                       0
     89 C0000089              -1               309.63232
     90 C0000090               1               32.225167
     91 C0000091              -1               79.685496
     92 C0000092               1                       0
     93 C0000093              -1               89.171036
     94 C0000094               1                       0
     95 C0000095              -1               168.46914
     96 C0000096               1                       0
     97 C0000097        0.999998                       0
     98 C0000098              -1              -90017.721
     99 C0000099        0.999998                       0
    100 C0000100              -1              -10586.354
    101 C0000101        0.999998                       0
    102 C0000102              -1              -1364.9764
    103 C0000103           1e-06              -101969.05
    104 C0000104       3.0002685              -341.85748
    105 C0000105       11.999991                       0
    106 C0000106       11.999991              -32.118798
    107 C0000107       19.999998                       0
    108 C0000108       19.999998              -9.9924997
      0 X0000000               0               56.604796
      1 X0000001               0               340.47848
      2 X0000002   7.8774837e-07                       0
      3 X0000003               0               126.22175
      4 X0000004      0.36458347                       0
      5 X0000005               0               30.538107
      6 X0000006               0               189.35223
      7 X0000007               0               129.59967
      8 X0000008               0               229.88882
      9 X0000009    1.099155e-07                       0
     10 X0000010               0                103.4029
     11 X0000011               0               168.74954
     12 X0000012      0.49999909                       0
     13 X0000013       0.3222778                       0
     14 X0000014               1                       0
     15 X0000015               0               192.22714
     16 X0000016               0               20.818613
     17 X0000017               0               216.02245
     18 X0000018               0                       0
     19 X0000019               0                       0
     20 X0000020               0               200.42643
     21 X0000021               0               192.59686
     22 X0000022               0               61.502789
     23 X0000023               0               99.510383
     24 X0000024      0.27864889                       0
     25 X0000025               0               133.31176
     26 X0000026               0                       0
     27 X0000027               0                308.0138
     28 X0000028               0               263.68637
     29 X0000029               0                199.6113
     30 X0000030               0                       0
     31 X0000031               0               90.022412
     32 X0000032               0               181.50086
     33 X0000033               0               198.92594
     34 X0000034               0               133.42978
     35 X0000035               0               283.63751
     36 X0000036               0               205.22826
     37 X0000037               0               225.71215
     38 X0000038               0               57.936157
     39 X0000039               0               127.31671
     40 X0000040               0               254.66816
     41 X0000041       0.5347584                       0
     42 X0000042               0               215.08159
     43 X0000043               0               211.75895
     44 X0000044               0                       0
     45 X0000045               0               262.17199
     46 X0000046               0               252.68645
     47 X0000047               0               173.38834
     48 X0000048               3                       0
     49 X0000049              10                       0
     50 X0000050       11.999991                       0
     51 X0000051              20                       0
     52 X0000052       4.0937504                       0
     53 X0000053               4                       0
     54 X0000054              15                       0
     55 X0000055               2                       0
     56 X0000056               2                       0
     57 X0000057       19.999998                       0
     58 X0000058               1                       0
     59 X0000059               5                       0
     60 X0000060       9.0000164                       0
     61 X0000061       14.909888                       0
     62 X0000062               8              -17.149927
     63 X0000063               1                       0
     64 X0000064               4                       0
     65 X0000065              12                       0
     66 X0000066               8                       0
     67 X0000067              18                       0
     68 X0000068               1                       0
     69 X0000069               2                       0
     70 X0000070               8                       0
     71 X0000071               3                       0
     72 X0000072       3.8359467                       0
     73 X0000073               4                       0
     74 X0000074               2                       0
     75 X0000075               5                       0
     76 X0000076              12                       0
     77 X0000077               1                       0
     78 X0000078              16                       0
     79 X0000079               5                       0
     80 X0000080               4                       0
     81 X0000081              16                       0
     82 X0000082              10                       0
     83 X0000083               1                       0
     84 X0000084               1                       0
     85 X0000085               1                       0
     86 X0000086              19                       0
     87 X0000087              22                       0
     88 X0000088               4                       0
     89 X0000089        29.16041                       0
     90 X0000090               1                       0
     91 X0000091               1                       0
     92 X0000092              13                       0
     93 X0000093               1                       0
     94 X0000094               4                       0
     95 X0000095               2                       0
     96 X0000096           1e-06                       0
