Optimal - objective value 20.00000095
      0 C0000000             365               26.932607
      1 C0000001              -1               38.932129
      2 C0000002       1.0000001                       0
      3 C0000003     -0.89726541                       0
      4 C0000004               1               38.932129
      5 C0000005  -7.9966054e-14                       0
      6 C0000006               1               38.932129
      7 C0000007              -1               21.399594
      8 C0000008               1                       0
      9 C0000009              -1               32.458557
     10 C0000010               1                       0
     11 C0000011              -1               12.544571
     12 C0000012               1                       0
     13 C0000013              -1               34.398343
     14 C0000014               1               4.5337858
     15 C0000015              -1               26.659548
     16 C0000016               1                       0
     17 C0000017              -1               38.932129
     18 C0000018               3                       0
     19 C0000019              -1               37.512354
     20 C0000020               1               1.4197753
     21 C0000021              -1               29.889593
     22 C0000022               1                9.042536
     23 C0000023     -0.99999994                       0
     24 C0000024               1               38.932129
     25 C0000025              -1               38.932129
     26 C0000026               1                       0
     27 C0000027              -1               38.932129
     28 C0000028       1.0000001                       0
     29 C0000029              -1               23.303222
     30 C0000030               1               15.628907
     31 C0000031     -0.79027583                       0
     32 C0000032               1               38.932129
     33 C0000033              -1               38.932129
     34 C0000034       2.3601591                       0
     35 C0000035              -1               38.932129
     36 C0000036               1                       0
     37 C0000037              -1               11.394874
     38 C0000038               1               27.537255
     39 C0000039              -1               18.729397
     40 C0000040               1                       0
     41 C0000041              -1               25.635111
     42 C0000042               1                       0
     43 C0000043              -1               38.932129
     44 C0000044       1.1107391                       0
     45 C0000045              -1               38.932129
     46 C0000046       1.0000441                       0
     47 C0000047              -1               35.414558
     48 C0000048               1                       0
     49 C0000049               1              -10022.393
     50 C0000050       -1.000002                       0
     51 C0000051        0.999998                       0
     52 C0000052              -1              -794.54648
     53 C0000053        0.999998                       0
     54 C0000054              -1               -89.52194
     55 C0000055           1e-06              -10906.462
     56 C0000056       2.3917007              -38.932129
     57 C0000057       1.9999999                       0
     58 C0000058       1.9999999              -37.834524
     59 C0000059       10.080477                       0
     60 C0000060       10.080477              -1.1193085
     61 C0000061              28                       0
     62 C0000062              28                       0
     63 C0000063       36.700655                       0
     64 C0000064       36.700655             -0.82933257
     65 C0000065       30.605717                       0
     66 C0000066       30.605717             -0.57166825
     67 C0000067               2                       0
     68 C0000068               2                       0
     69 C0000069               3                       0
     70 C0000070               3                       0
     71 C0000071               4                       0
     72 C0000072               4                       0
     73 C0000073              36                       0
     74 C0000074              36                       0
     75 C0000075       15.000001                       0
     76 C0000076       15.000001             -0.47629388
     77 C0000077               8                       0
     78 C0000078               8                       0
     79 C0000079       3.0000662                       0
     80 C0000080       3.0000662                       0
     81 C0000081              12                       0
     82 C0000082              12                       0
     83 C0000083              18                       0
     84 C0000084              18                       0
     85 C0000085       25.613083                       0
     86 C0000086       25.613083                       0
     87 C0000087       6.0000001                       0
     88 C0000088       6.0000001                       0
     89 C0000089              43                       0
     90 C0000090              43                       0
     91 C0000091              18                       0
     92 C0000092              18                       0
     93 C0000093              27                       0
     94 C0000094              27                       0
     95 C0000095       6.0000001                       0
     96 C0000096       6.0000001                       0
     97 C0000097               4                       0
     98 C0000098               4                       0
     99 C0000099               3                       0
    100 C0000100               3                       0
      0 X0000000   4.7299683e-08                       0
      1 X0000001     0.051367296                       0
      2 X0000002             0.5                       0
      3 X0000003               0               17.532535
      4 X0000004               0               6.4735719
      5 X0000005               0               26.387558
      6 X0000006               0                       0
      7 X0000007               0               12.272581
      8 X0000008               1                       0
      9 X0000009               0                       0
     10 X0000010               0                       0
     11 X0000011      2.9927e-08                       0
     12 X0000012   2.1487431e-08                       0
     13 X0000013    6.513605e-08                       0
     14 X0000014               0                       0
     15 X0000015      0.10486208                       0
     16 X0000016      0.68007953                       0
     17 X0000017   1.0876178e-08                       0
     18 X0000018               0                       0
     19 X0000019               0               20.202732
     20 X0000020               0               13.297018
     21 X0000021     0.055369549                       0
     22 X0000022   2.2073972e-05                       0
     23 X0000023               0               3.5175709
     24 X0000024       20.000001                       0
     25 X0000025       25.613083                       0
     26 X0000026              18              0.15199135
     27 X0000027               2                       0
     28 X0000028               4                       0
     29 X0000029               3                       0
     30 X0000030               4                       0
     31 X0000031               4                       0
     32 X0000032              36             -0.90977314
     33 X0000033              28                       0
     34 X0000034              43                       0
     35 X0000035       1.9999999                       0
     36 X0000036       6.0000001                       0
     37 X0000037       15.000001                       0
     38 X0000038              18                       0
     39 X0000039       36.700655                       0
     40 X0000040       10.080477                       0
     41 X0000041       6.0000001                       0
     42 X0000042              27                       0
     43 X0000043               8                       0
     44 X0000044               3                       0
     45 X0000045       30.605717                       0
     46 X0000046       3.0000662                       0
     47 X0000047              12                       0
     48 X0000048           1e-06                       0
