Optimal - objective value 15.99999983
      0 C0000000             365               16.509575
      1 C0000001              -1               7.7844936
      2 C0000002               1                       0
      3 C0000003              -1                       0
      4 C0000004               1               4.0135681
      5 C0000005     -0.99999875                       0
      6 C0000006               1               12.545273
      7 C0000007              -1                       0
      8 C0000008               1               1.0689089
      9 C0000009              -1               8.3004708
     10 C0000010               1                       0
     11 C0000011              -1               9.8155042
     12 C0000012               1                       0
     13 C0000013     -0.60047898                       0
     14 C0000014               1               12.545273
     15 C0000015              -1               5.9809291
     16 C0000016               1                       0
     17 C0000017              -1              0.69646418
     18 C0000018               1                       0
     19 C0000019              -1               1.4719836
     20 C0000020               1                       0
     21 C0000021              -1               7.0515279
     22 C0000022               1                       0
     23 C0000023              -1               10.654573
     24 C0000024               1                       0
     25 C0000025              -1               8.5159185
     26 C0000026               1               4.0293546
     27 C0000027              -1               12.545273
     28 C0000028       2.2009055                       0
     29 C0000029              -1               9.5247606
     30 C0000030               1                       0
     31 C0000031              -1                4.045914
     32 C0000032               1                       0
     33 C0000033              -1               12.545273
     34 C0000034       1.2763647                       0
     35 C0000035              -1               2.4643739
     36 C0000036               1                       0
     37 C0000037              -1               12.545273
     38 C0000038       2.9334162                       0
     39 C0000039  -6.7794335e-06                       0
     40 C0000040               1               12.545273
     41 C0000041              -1               5.5568609
     42 C0000042               1                       0
     43 C0000043              -1               1.9941444
     44 C0000044               1                       0
     45 C0000045              -1                       0
     46 C0000046               1               2.2705876
     47 C0000047              -1               5.0804486
     48 C0000048               1                       0
     49 C0000049              -1               7.0211982
     50 C0000050               1                       0
     51 C0000051              -1               8.9035512
     52 C0000052               1                       0
     53 C0000053              -1               7.5141883
     54 C0000054               1                       0
     55 C0000055              -1               6.3504717
     56 C0000056               1                       0
     57 C0000057              -1                       0
     58 C0000058               1               3.9539065
     59 C0000059              -1               2.9085512
     60 C0000060               1                       0
     61 C0000061              -1                       0
     62 C0000062               1               11.072426
     63 C0000063              -1               3.4394135
     64 C0000064               1                       0
     65 C0000065              -1               8.8649489
     66 C0000066               1                       0
     67 C0000067     -0.99999998                       0
     68 C0000068               1               12.545273
     69 C0000069              -1               7.6323425
     70 C0000070               1                       0
     71 C0000071              -1               2.8988068
     72 C0000072               1                       0
     73 C0000073              -1               4.6462584
     74 C0000074               1                       0
     75 C0000075              -1                2.975775
     76 C0000076               1                       0
     77 C0000077              -1               11.629858
     78 C0000078               1              0.91541546
     79 C0000079              -1              0.79778726
     80 C0000080               1               11.747486
     81 C0000081              -1               5.5251489
     82 C0000082               1                       0
     83 C0000083               0                       0
     84 C0000084               1               12.545273
     85 C0000085              -1               2.6739114
     86 C0000086               1                       0
     87 C0000087              -1               2.7082078
     88 C0000088               1                       0
     89 C0000089              -1               3.4292844
     90 C0000090               1                       0
     91 C0000091              -1                2.698474
     92 C0000092               1                       0
     93 C0000093              -1                8.054015
     94 C0000094               1                       0
     95 C0000095              -1               3.3642209
     96 C0000096               1                       0
     97 C0000097               1              -5945.8442
     98 C0000098       -1.000002                       0
     99 C0000099        0.999998                       0
    100 C0000100              -1              -290.86238
    101 C0000101               1              -169.80618
    102 C0000102       -1.000002                       0
    103 C0000103           1e-06              -6406.5128
    104 C0000104       2.9051009              -12.545273
    105 C0000105       11.999992                       0
    106 C0000106       11.999992              -1.5744603
    107 C0000107               1                       0
    108 C0000108               1                       0
    109 C0000109               4                       0
    110 C0000110               4                       0
    111 C0000111               4                       0
    112 C0000112               4                       0
    113 C0000113        35.20996                       0
    114 C0000114        35.20996             -0.17140397
      0 X0000000               0               4.7607795
      1 X0000001               0               8.5317049
      2 X0000002   6.2637171e-07                       0
      3 X0000003               0               11.476364
      4 X0000004               0               4.2448022
      5 X0000005               0               2.7297688
      6 X0000006      0.19976051                       0
      7 X0000007               0               6.5643439
      8 X0000008               0               11.848809
      9 X0000009               0               11.073289
     10 X0000010               0               5.4937451
     11 X0000011               0               1.8906998
     12 X0000012               0                       0
     13 X0000013      0.60045274                       0
     14 X0000014               0               3.0205124
     15 X0000015               0                8.499359
     16 X0000016      0.13818233                       0
     17 X0000017               0               10.080899
     18 X0000018       0.9667081                       0
     19 X0000019      0.49999661                       0
     20 X0000020               0               6.9884121
     21 X0000021               0               10.551129
     22 X0000022               0               10.274685
     23 X0000023               0               7.4648244
     24 X0000024               0               5.5240748
     25 X0000025               0               3.6417219
     26 X0000026               0               5.0310848
     27 X0000027               0               6.1948013
     28 X0000028               0               8.5913666
     29 X0000029               0               9.6367219
     30 X0000030               0               1.4728472
     31 X0000031               0               9.1058596
     32 X0000032               0               3.6803241
     33 X0000033   1.0712555e-08                       0
     34 X0000034               0               4.9129306
     35 X0000035               0               9.6464662
     36 X0000036               0               7.8990146
     37 X0000037               0                9.569498
     38 X0000038               0                       0
     39 X0000039               0                       0
     40 X0000040               0               7.0201242
     41 X0000041             0.5                       0
     42 X0000042               0               9.8713616
     43 X0000043               0               9.8370652
     44 X0000044               0               9.1159887
     45 X0000045               0               9.8467991
     46 X0000046               0               4.4912581
     47 X0000047               0               9.1810522
     48 X0000048               3                       0
     49 X0000049              10                       0
     50 X0000050       11.999992                       0
     51 X0000051              20                       0
     52 X0000052               3                       0
     53 X0000053               4                       0
     54 X0000054       12.003592                       0
     55 X0000055               2                       0
     56 X0000056               2                       0
     57 X0000057              20                       0
     58 X0000058               1                       0
     59 X0000059               5                       0
     60 X0000060              18                       0
     61 X0000061        35.20996                       0
     62 X0000062               4                       0
     63 X0000063               1                       0
     64 X0000064       4.5527293                       0
     65 X0000065              12                       0
     66 X0000066       15.733665                       0
     67 X0000067        9.000061                       0
     68 X0000068               1                       0
     69 X0000069               2                       0
     70 X0000070               8                       0
     71 X0000071               3                       0
     72 X0000072               3                       0
     73 X0000073               4                       0
     74 X0000074               2                       0
     75 X0000075               5                       0
     76 X0000076              12                       0
     77 X0000077               1                       0
     78 X0000078              16                       0
     79 X0000079               5                       0
     80 X0000080               4                       0
     81 X0000081              16                       0
     82 X0000082              10                       0
     83 X0000083               1                       0
     84 X0000084               1                       0
     85 X0000085               1                       0
     86 X0000086              19                       0
     87 X0000087              22                       0
     88 X0000088               4                       0
     89 X0000089             9.5              0.52485739
     90 X0000090               1                       0
     91 X0000091               1                       0
     92 X0000092              13                       0
     93 X0000093               1                       0
     94 X0000094               4                       0
     95 X0000095               2                       0
     96 X0000096           1e-06                       0
