Optimal - objective value 35.20995922
      0 C0000000             365               96.319676
      1 C0000001              -1               45.416063
      2 C0000002               1                       0
      3 C0000003              -1                       0
      4 C0000004               1               23.415841
      5 C0000005     -0.99999875                       0
      6 C0000006               1               73.191263
      7 C0000007              -1               33.477533
      8 C0000008               1                39.71373
      9 C0000009              -1               60.808813
     10 C0000010               1                12.38245
     11 C0000011              -1               57.265326
     12 C0000012               1                       0
     13 C0000013     -0.60047802                       0
     14 C0000014               1               73.191263
     15 C0000015              -1               34.893761
     16 C0000016               1                       0
     17 C0000017              -1               4.0632908
     18 C0000018               1                       0
     19 C0000019              -1               8.5878034
     20 C0000020               1                       0
     21 C0000021              -1               41.139817
     22 C0000022               1                       0
     23 C0000023              -1                67.67593
     24 C0000024               1               5.5153327
     25 C0000025              -1               26.175379
     26 C0000026               1                       0
     27 C0000027              -1               73.191263
     28 C0000028       2.2009054                       0
     29 C0000029              -1                64.38017
     30 C0000030               1               8.8110924
     31 C0000031              -1               23.604553
     32 C0000032               1                       0
     33 C0000033              -1               73.191263
     34 C0000034       1.2763641                       0
     35 C0000035              -1                43.78442
     36 C0000036               1               29.406843
     37 C0000037              -1               73.191263
     38 C0000038       2.9334167                       0
     39 C0000039  -7.5670385e-06                       0
     40 C0000040               1               73.191263
     41 C0000041              -1               32.419674
     42 C0000042               1                       0
     43 C0000043              -1               11.634179
     44 C0000044               1                       0
     45 C0000045              -1                       0
     46 C0000046               1               13.246996
     47 C0000047              -1               29.640204
     48 C0000048               1                       0
     49 C0000049              -1               40.962868
     50 C0000050               1                       0
     51 C0000051              -1               51.944836
     52 C0000052               1                       0
     53 C0000053              -1               43.839056
     54 C0000054               1                       0
     55 C0000055              -1               37.049735
     56 C0000056               1                       0
     57 C0000057              -1                       0
     58 C0000058               1               23.067765
     59 C0000059              -1               16.968984
     60 C0000060               1                       0
     61 C0000061              -1                       0
     62 C0000062               1               64.598421
     63 C0000063              -1               20.066125
     64 C0000064               1                       0
     65 C0000065              -1               51.719624
     66 C0000066               1                       0
     67 C0000067              -1               20.155466
     68 C0000068               1                       0
     69 C0000069              -1               44.528388
     70 C0000070               1                       0
     71 C0000071              -1               16.912134
     72 C0000072               1                       0
     73 C0000073              -1               27.107064
     74 C0000074               1                       0
     75 C0000075              -1               17.361179
     76 C0000076               1                       0
     77 C0000077              -1               62.509883
     78 C0000078               1                       0
     79 C0000079              -1                       0
     80 C0000080               1               63.882409
     81 C0000081              -1               32.234661
     82 C0000082               1                       0
     83 C0000083               0                       0
     84 C0000084               1               73.191263
     85 C0000085              -1               15.600055
     86 C0000086               1                       0
     87 C0000087              -1               15.800146
     88 C0000088               1                       0
     89 C0000089              -1                20.00703
     90 C0000090               1                       0
     91 C0000091              -1               15.743357
     92 C0000092               1                       0
     93 C0000093              -1               46.988497
     94 C0000094               1                       0
     95 C0000095              -1               19.627439
     96 C0000096               1                       0
     97 C0000097               1               -34689.07
     98 C0000098       -1.000002                       0
     99 C0000099        0.999998                       0
    100 C0000100              -1              -1696.9407
    101 C0000101               1              -990.67824
    102 C0000102       -1.000002                       0
    103 C0000103           1e-06              -37376.689
    104 C0000104       2.9051009              -73.191263
    105 C0000105       11.999992                       0
    106 C0000106       11.999992                -9.18567
    107 C0000107               1                       0
    108 C0000108               1                       0
    109 C0000109               4                       0
    110 C0000110               4                       0
    111 C0000111               4                       0
    112 C0000112               4                       0
      0 X0000000               0               27.775199
      1 X0000001               0               49.775422
      2 X0000002   6.2637171e-07                       0
      3 X0000003               0                       0
      4 X0000004               0                       0
      5 X0000005               0               15.925937
      6 X0000006      0.19976099                       0
      7 X0000007               0               38.297502
      8 X0000008               0               69.127972
      9 X0000009               0               64.603459
     10 X0000010               0               32.051446
     11 X0000011               0                       0
     12 X0000012               0               47.015884
     13 X0000013      0.60045269                       0
     14 X0000014               0                       0
     15 X0000015               0                49.58671
     16 X0000016      0.13818204                       0
     17 X0000017               0                       0
     18 X0000018      0.96670836                       0
     19 X0000019      0.49999622                       0
     20 X0000020               0               40.771588
     21 X0000021               0               61.557084
     22 X0000022               0               59.944267
     23 X0000023               0               43.551059
     24 X0000024               0               32.228395
     25 X0000025               0               21.246426
     26 X0000026               0               29.352207
     27 X0000027               0               36.141528
     28 X0000028               0               50.123498
     29 X0000029               0               56.222279
     30 X0000030               0                8.592842
     31 X0000031               0               53.125138
     32 X0000032               0               21.471639
     33 X0000033               0               53.035796
     34 X0000034               0               28.662875
     35 X0000035               0               56.279129
     36 X0000036               0               46.084199
     37 X0000037               0               55.830084
     38 X0000038               0                10.68138
     39 X0000039               0               9.3088539
     40 X0000040               0               40.956602
     41 X0000041             0.5                       0
     42 X0000042               0               57.591207
     43 X0000043               0               57.391117
     44 X0000044               0               53.184233
     45 X0000045               0               57.447905
     46 X0000046               0               26.202766
     47 X0000047               0               53.563824
     48 X0000048               3                       0
     49 X0000049              10                       0
     50 X0000050       11.999992                       0
     51 X0000051              20                       0
     52 X0000052               3                       0
     53 X0000053               4                       0
     54 X0000054       12.003585                       0
     55 X0000055               2                       0
     56 X0000056               2                       0
     57 X0000057              20                       0
     58 X0000058               1                       0
     59 X0000059               5                       0
     60 X0000060              18                       0
     61 X0000061       35.209959                       0
     62 X0000062               4                       0
     63 X0000063               1                       0
     64 X0000064       4.5527282                       0
     65 X0000065              12                       0
     66 X0000066       15.733667                       0
     67 X0000067       9.0000681                       0
     68 X0000068               1                       0
     69 X0000069               2                       0
     70 X0000070               8                       0
     71 X0000071               3                       0
     72 X0000072               3                       0
     73 X0000073               4                       0
     74 X0000074               2                       0
     75 X0000075               5                       0
     76 X0000076              12                       0
     77 X0000077               1                       0
     78 X0000078              16                       0
     79 X0000079               5                       0
     80 X0000080               4                       0
     81 X0000081              16                       0
     82 X0000082              10                       0
     83 X0000083               1                       0
     84 X0000084               1                       0
     85 X0000085               1                       0
     86 X0000086              19                       0
     87 X0000087              22                       0
     88 X0000088               4                       0
     89 X0000089             9.5               3.0621075
     90 X0000090               1                       0
     91 X0000091               1                       0
     92 X0000092              13                       0
     93 X0000093               1                       0
     94 X0000094               4                       0
     95 X0000095               2                       0
     96 X0000096           1e-06                       0
