Optimal - objective value 18.99999967
      0 C0000000             365              -85.289254
      1 C0000001              -1               93.547817
      2 C0000002               1                       0
      3 C0000003              -1                       0
      4 C0000004               1              0.45223937
      5 C0000005     -0.99999842                       0
      6 C0000006               1                112.1112
      7 C0000007              -1                       0
      8 C0000008               1               70.717132
      9 C0000009              -1                112.1112
     10 C0000010       1.7291676                       0
     11 C0000011              -1               102.09631
     12 C0000012               1                       0
     13 C0000013              -1               50.013668
     14 C0000014               1                       0
     15 C0000015              -1               69.609354
     16 C0000016               1                       0
     17 C0000017              -1               36.719807
     18 C0000018               1                       0
     19 C0000019     -0.99999978                       0
     20 C0000020               1                112.1112
     21 C0000021              -1               78.200511
     22 C0000022               1                       0
     23 C0000023              -1               56.770265
     24 C0000024               1                       0
     25 C0000025  -1.6677528e-06                       0
     26 C0000026               1                112.1112
     27 C0000027     -0.35544448                       0
     28 C0000028               1                112.1112
     29 C0000029              -1                112.1112
     30 C0000030               3                       0
     31 C0000031              -1               49.070852
     32 C0000032               1                       0
     33 C0000033              -1                105.2838
     34 C0000034               1                       0
     35 C0000035              -1                       0
     36 C0000036               1               41.267247
     37 C0000037              -1               82.784512
     38 C0000038               1                       0
     39 C0000039              -1                17.97573
     40 C0000040               1                       0
     41 C0000041              -1               46.381916
     42 C0000042               1                       0
     43 C0000043              -1               48.949603
     44 C0000044               1                       0
     45 C0000045              -1               91.941534
     46 C0000046               1                       0
     47 C0000047              -1               79.477051
     48 C0000048               1                       0
     49 C0000049              -1                112.1112
     50 C0000050       1.5572968                       0
     51 C0000051              -1               68.391982
     52 C0000052               1                       0
     53 C0000053              -1                109.5711
     54 C0000054               1                       0
     55 C0000055              -1                       0
     56 C0000056               1                11.09894
     57 C0000057              -1               25.635998
     58 C0000058               1                       0
     59 C0000059              -1               46.649235
     60 C0000060               1                       0
     61 C0000061              -1               49.349928
     62 C0000062               1                       0
     63 C0000063              -1               82.588604
     64 C0000064               1                       0
     65 C0000065              -1               52.588505
     66 C0000066               1                       0
     67 C0000067              -1                       0
     68 C0000068               1               46.873997
     69 C0000069              -1                68.35328
     70 C0000070               1                       0
     71 C0000071              -1               19.093076
     72 C0000072               1                       0
     73 C0000073              -1               44.807169
     74 C0000074               1                       0
     75 C0000075              -1               38.089536
     76 C0000076               1                       0
     77 C0000077     -0.99999997                       0
     78 C0000078               1                112.1112
     79 C0000079              -1               91.234622
     80 C0000080               1               20.876579
     81 C0000081              -1               28.593495
     82 C0000082               1                       0
     83 C0000083              -1                112.1112
     84 C0000084        2.069517                       0
     85 C0000085              -1               41.575799
     86 C0000086               1                       0
     87 C0000087              -1                42.66545
     88 C0000088               1                       0
     89 C0000089              -1               101.54305
     90 C0000090               1               10.568153
     91 C0000091              -1               26.132634
     92 C0000092               1                       0
     93 C0000093              -1               29.243391
     94 C0000094               1                       0
     95 C0000095              -1               55.248981
     96 C0000096               1                       0
     97 C0000097        0.999998                       0
     98 C0000098              -1              -29521.059
     99 C0000099        0.999998                       0
    100 C0000100              -1              -3471.7651
    101 C0000101        0.999998                       0
    102 C0000102              -1              -447.64017
    103 C0000103           1e-06              -33440.464
    104 C0000104       3.0002685               -112.1112
    105 C0000105       11.999991                       0
    106 C0000106       11.999991               -10.53327
    107 C0000107       19.999998                       0
    108 C0000108       19.999998              -3.2770122
    109 C0000109       4.0937514                       0
    110 C0000110       4.0937514             -0.32794719
    111 C0000111               1                       0
    112 C0000112               1                       0
      0 X0000000               0               18.563384
      1 X0000001               0               111.65896
      2 X0000002   7.8774837e-07                       0
      3 X0000003               0               41.394069
      4 X0000004      0.36458381                       0
      5 X0000005               0               10.014886
      6 X0000006               0               62.097533
      7 X0000007               0               42.501848
      8 X0000008               0               75.391394
      9 X0000009    1.099155e-07                       0
     10 X0000010               0                33.91069
     11 X0000011               0               55.340936
     12 X0000012      0.49999917                       0
     13 X0000013      0.32227776                       0
     14 X0000014               1                       0
     15 X0000015               0               63.040349
     16 X0000016               0               6.8274057
     17 X0000017               0               70.843954
     18 X0000018               0               29.326689
     19 X0000019               0               94.135471
     20 X0000020               0               65.729285
     21 X0000021               0               63.161598
     22 X0000022               0               20.169667
     23 X0000023               0               32.634151
     24 X0000024      0.27864842                       0
     25 X0000025               0               43.719219
     26 X0000026               0               2.5401001
     27 X0000027               0               101.01226
     28 X0000028               0               86.475203
     29 X0000029               0               65.461967
     30 X0000030               0               62.761273
     31 X0000031               0               29.522597
     32 X0000032               0               59.522696
     33 X0000033               0               65.237204
     34 X0000034               0               43.757921
     35 X0000035               0               93.018125
     36 X0000036               0               67.304032
     37 X0000037               0               74.021665
     38 X0000038    1.726078e-08                       0
     39 X0000039               0                       0
     40 X0000040               0               83.517706
     41 X0000041      0.53475848                       0
     42 X0000042               0               70.535402
     43 X0000043               0               69.445751
     44 X0000044               0                       0
     45 X0000045               0               85.978567
     46 X0000046               0               82.867811
     47 X0000047               0                56.86222
     48 X0000048               3                       0
     49 X0000049              10                       0
     50 X0000050       11.999991                       0
     51 X0000051              20                       0
     52 X0000052       4.0937514                       0
     53 X0000053               4                       0
     54 X0000054              15                       0
     55 X0000055               2                       0
     56 X0000056               2                       0
     57 X0000057       19.999998                       0
     58 X0000058               1                       0
     59 X0000059               5                       0
     60 X0000060        9.000015                       0
     61 X0000061       14.909889                       0
     62 X0000062               8              -5.6242704
     63 X0000063               1                       0
     64 X0000064               4                       0
     65 X0000065              12                       0
     66 X0000066               8                       0
     67 X0000067              18                       0
     68 X0000068               1                       0
     69 X0000069               2                       0
     70 X0000070               8                       0
     71 X0000071               3                       0
     72 X0000072       3.8359453                       0
     73 X0000073               4                       0
     74 X0000074               2                       0
     75 X0000075               5                       0
     76 X0000076              12                       0
     77 X0000077               1                       0
     78 X0000078              16                       0
     79 X0000079               5                       0
     80 X0000080               4                       0
     81 X0000081              16                       0
     82 X0000082              10                       0
     83 X0000083               1                       0
     84 X0000084               1                       0
     85 X0000085               1                       0
     86 X0000086              19                       0
     87 X0000087              22                       0
     88 X0000088               4                       0
     89 X0000089       29.160411                       0
     90 X0000090               1                       0
     91 X0000091               1                       0
     92 X0000092              13                       0
     93 X0000093               1                       0
     94 X0000094               4                       0
     95 X0000095               2                       0
     96 X0000096           1e-06                       0
