Optimal - objective value 0.00000000
      0 C0000000             365                       0
      1 C0000001  -8.0227647e-14                       0
      2 C0000002               1                       0
      3 C0000003   7.9701732e-14                       0
      4 C0000004               1                       0
      5 C0000005              -1                       0
      6 C0000006               1                       0
      7 C0000007               0                       0
      8 C0000008               1                       0
      9 C0000009              -1                       0
     10 C0000010       1.7482802                       0
     11 C0000011    1.001078e-13                       0
     12 C0000012               1                       0
     13 C0000013              -1                       0
     14 C0000014               3                       0
     15 C0000015     -0.64180418                       0
     16 C0000016               1                       0
     17 C0000017               0                       0
     18 C0000018               1                       0
     19 C0000019   2.9976472e-13                       0
     20 C0000020               1                       0
     21 C0000021              -1                       0
     22 C0000022               1                       0
     23 C0000023              -1                       0
     24 C0000024               3                       0
     25 C0000025              -1                       0
     26 C0000026               1                       0
     27 C0000027              -1                       0
     28 C0000028               3                       0
     29 C0000029              -1                       0
     30 C0000030               1                       0
     31 C0000031              -1                       0
     32 C0000032               1                       0
     33 C0000033              -1                       0
     34 C0000034               3                       0
     35 C0000035               0                       0
     36 C0000036               1                       0
     37 C0000037     -0.78581256                       0
     38 C0000038               1                       0
     39 C0000039              -1                       0
     40 C0000040               3                       0
     41 C0000041               0                       0
     42 C0000042               1                       0
     43 C0000043              -1                       0
     44 C0000044       2.3108659                       0
     45 C0000045  -9.9939161e-14                       0
     46 C0000046               1                       0
     47 C0000047              -1                       0
     48 C0000048               3                       0
     49 C0000049               1                       0
     50 C0000050              -1                       0
     51 C0000051               1                       0
     52 C0000052              -1                       0
     53 C0000053               1                       0
     54 C0000054              -1                       0
      0 X0000000             0.5                       0
      1 X0000001             0.5                       0
      2 X0000002               0                       0
      3 X0000003             0.5                       0
      4 X0000004      0.37414009                       0
      5 X0000005             0.5                       0
      6 X0000006               1                       0
      7 X0000007      0.17909791                       0
      8 X0000008             0.5                       0
      9 X0000009             0.5                       0
     10 X0000010               0                       0
     11 X0000011               1                       0
     12 X0000012               0                       0
     13 X0000013               1                       0
     14 X0000014               0                       0
     15 X0000015               0                       0
     16 X0000016               1                       0
     17 X0000017             0.5                       0
     18 X0000018      0.10709372                       0
     19 X0000019               1                       0
     20 X0000020             0.5                       0
     21 X0000021      0.65543297                       0
     22 X0000022             0.5                       0
     23 X0000023               1                       0
     24 X0000024               9                       0
     25 X0000025              17                       0
     26 X0000026              15                       0
     27 X0000027             2.5                       0
     28 X0000028       2.7482802                       0
     29 X0000029             1.5                       0
     30 X0000030              38                       0
     31 X0000031       18.059846                       0
     32 X0000032              16                       0
     33 X0000033             3.5                       0
     34 X0000034              35                       0
     35 X0000035               8                       0
     36 X0000036              12                       0
     37 X0000037              10                       0
     38 X0000038              33                       0
     39 X0000039               3                       0
     40 X0000040               2                       0
     41 X0000041               2                       0
     42 X0000042        31.25172                       0
     43 X0000043               6                       0
     44 X0000044             0.5                       0
     45 X0000045       57.940154                       0
     46 X0000046              11                       0
     47 X0000047              30                       0
     48 X0000048               0                       1
