Optimal - objective value 9.94041255
      0 C0000000             365               190.29301
      1 C0000001              -1               62.555026
      2 C0000002               1                       0
      3 C0000003              -1                204.2206
      4 C0000004               1               16.840778
      5 C0000005              -1               26.543973
      6 C0000006               1                       0
      7 C0000007              -1               221.06138
      8 C0000008       1.0000105                       0
      9 C0000009              -1               206.00698
     10 C0000010               1                       0
     11 C0000011              -1               170.52709
     12 C0000012               1                       0
     13 C0000013              -1               60.030689
     14 C0000014               1                       0
     15 C0000015              -1               14.196171
     16 C0000016               1                       0
     17 C0000017              -1               52.181541
     18 C0000018               1                       0
     19 C0000019              -1               135.49555
     20 C0000020               1                       0
     21 C0000021              -1               221.06138
     22 C0000022       1.3202334                       0
     23 C0000023              -1               125.25724
     24 C0000024               1                       0
     25 C0000025              -1               126.32038
     26 C0000026               1                       0
     27 C0000027              -1               126.55096
     28 C0000028               1                       0
     29 C0000029              -1                 201.619
     30 C0000030               1                       0
     31 C0000031      -0.5836357                       0
     32 C0000032               1               221.06138
     33 C0000033              -1               47.031501
     34 C0000034               1                       0
     35 C0000035              -1               123.80744
     36 C0000036               1                       0
     37 C0000037              -1               49.947237
     38 C0000038               1                       0
     39 C0000039              -1               221.06138
     40 C0000040       1.2089806                       0
     41 C0000041              -1               135.61595
     42 C0000042               1                       0
     43 C0000043              -1               54.152829
     44 C0000044               1                       0
     45 C0000045              -1               90.463359
     46 C0000046               1                       0
     47 C0000047              -1               129.86652
     48 C0000048               1                       0
     49 C0000049              -1               16.643392
     50 C0000050               1                       0
     51 C0000051              -1               73.854498
     52 C0000052               1                       0
     53 C0000053              -1               96.366783
     54 C0000054               1                       0
     55 C0000055              -1               84.361523
     56 C0000056               1                       0
     57 C0000057              -1               156.89122
     58 C0000058               1                       0
     59 C0000059              -1               151.98825
     60 C0000060               1                       0
     61 C0000061              -1               143.95844
     62 C0000062               1                       0
     63 C0000063              -1               19.616701
     64 C0000064               1                       0
     65 C0000065              -1               91.065956
     66 C0000066               1                       0
     67 C0000067              -1               221.06138
     68 C0000068       1.1438427                       0
     69 C0000069              -1               81.156947
     70 C0000070               1                       0
     71 C0000071              -1               206.71607
     72 C0000072               1                       0
     73 C0000073              -1               183.69815
     74 C0000074               1                       0
     75 C0000075              -1               77.129503
     76 C0000076               1                       0
     77 C0000077              -1               106.95867
     78 C0000078               1               114.10272
     79 C0000079              -1                132.9362
     80 C0000080               1                       0
     81 C0000081              -1               179.32944
     82 C0000082               1               41.731942
     83 C0000083              -1               33.960356
     84 C0000084               1                       0
     85 C0000085     -0.99999914                       0
     86 C0000086               1               221.06138
     87 C0000087              -1               69.524587
     88 C0000088               1                       0
     89 C0000089              -1               45.589243
     90 C0000090               1               175.47214
     91 C0000091              -1               66.801476
     92 C0000092               1                       0
     93 C0000093              -1               49.372442
     94 C0000094               1                       0
     95 C0000095              -1               92.704098
     96 C0000096               1                       0
     97 C0000097               1              -68513.649
     98 C0000098       -1.000002                       0
     99 C0000099        0.999998                       0
    100 C0000100              -1               -5235.526
    101 C0000101               1              -1255.3411
    102 C0000102       -1.000002                       0
    103 C0000103           1e-06              -75004.516
    104 C0000104      0.54471617              -221.06138
    105 C0000105               1                       0
    106 C0000106               1                       0
    107 C0000107       7.9999966                       0
    108 C0000108       7.9999966              -49.508151
    109 C0000109               4                       0
    110 C0000110               4                       0
    111 C0000111        17.40175                       0
    112 C0000112        17.40175                       0
    113 C0000113               5                       0
    114 C0000114               5                       0
    115 C0000115               6                       0
    116 C0000116               6                       0
    117 C0000117               3                       0
    118 C0000118               3                       0
    119 C0000119               2                       0
    120 C0000120               2                       0
    121 C0000121               2                       0
    122 C0000122               2                       0
    123 C0000123               1                       0
    124 C0000124               1                       0
    125 C0000125               4                       0
    126 C0000126               4                       0
    127 C0000127              19                       0
    128 C0000128              19                       0
    129 C0000129               1                       0
    130 C0000130               1                       0
    131 C0000131               1                       0
    132 C0000132               1                       0
    133 C0000133               4                       0
    134 C0000134               4                       0
    135 C0000135              13                       0
    136 C0000136              13                       0
    137 C0000137              10                       0
    138 C0000138              10                       0
    139 C0000139               7                       0
    140 C0000140               7                       0
      0 X0000000               0               158.50636
      1 X0000001               0                       0
      2 X0000002               0               194.51741
      3 X0000003   5.2678408e-06                       0
      4 X0000004               0               15.054407
      5 X0000005               0               50.534288
      6 X0000006               0               161.03069
      7 X0000007               0               206.86521
      8 X0000008               0               168.87984
      9 X0000009               0               85.565831
     10 X0000010       0.1601167                       0
     11 X0000011               0               95.804143
     12 X0000012               0               94.740998
     13 X0000013               0               94.510428
     14 X0000014               0                19.44238
     15 X0000015      0.20818215                       0
     16 X0000016               0               174.02988
     17 X0000017               0               97.253942
     18 X0000018               0               171.11415
     19 X0000019      0.10449028                       0
     20 X0000020               0               85.445437
     21 X0000021               0               166.90855
     22 X0000022               0               130.59802
     23 X0000023               0               91.194859
     24 X0000024               0               204.41799
     25 X0000025               0               147.20688
     26 X0000026               0                124.6946
     27 X0000027               0               136.69986
     28 X0000028               0               64.170163
     29 X0000029               0               69.073131
     30 X0000030               0               77.102938
     31 X0000031               0               201.44468
     32 X0000032               0               129.99543
     33 X0000033     0.071921344                       0
     34 X0000034               0               139.90444
     35 X0000035               0               14.345316
     36 X0000036               0               37.363231
     37 X0000037               0               143.93188
     38 X0000038               0                       0
     39 X0000039               0               88.125184
     40 X0000040               0                       0
     41 X0000041               0               187.10103
     42 X0000042    4.306575e-07                       0
     43 X0000043               0                151.5368
     44 X0000044               0                       0
     45 X0000045               0               154.25991
     46 X0000046               0               171.68894
     47 X0000047               0               128.35728
     48 X0000048               6                       0
     49 X0000049              19                       0
     50 X0000050               7                       0
     51 X0000051       4.0000211                       0
     52 X0000052               4                       0
     53 X0000053               3                       0
     54 X0000054               1                       0
     55 X0000055               3                       0
     56 X0000056               2                       0
     57 X0000057               3                       0
     58 X0000058        17.40175                       0
     59 X0000059               4                       0
     60 X0000060               1                       0
     61 X0000061               8                       0
     62 X0000062               4                       0
     63 X0000063       19.003628                       0
     64 X0000064              18                       0
     65 X0000065               5                       0
     66 X0000066              16                       0
     67 X0000067       9.9404126                       0
     68 X0000068               2                       0
     69 X0000069               1                       0
     70 X0000070               2                       0
     71 X0000071               6                       0
     72 X0000072              23                       0
     73 X0000073               1                       0
     74 X0000074              10                       0
     75 X0000075               1                       0
     76 X0000076              14                       0
     77 X0000077               4                       0
     78 X0000078               3                       0
     79 X0000079              13                       0
     80 X0000080               1                       0
     81 X0000081       24.654191                       0
     82 X0000082               4                       0
     83 X0000083               4                       0
     84 X0000084               6                       0
     85 X0000085               1                       0
     86 X0000086              20                       0
     87 X0000087               4                       0
     88 X0000088              19                       0
     89 X0000089               9                       0
     90 X0000090       7.9999966                       0
     91 X0000091               2                       0
     92 X0000092              19                       0
     93 X0000093               3                       0
     94 X0000094               1                       0
     95 X0000095               5                       0
     96 X0000096           1e-06                       0
