Optimal - objective value 36.70065359
      0 C0000000             365               175.94703
      1 C0000001              -1                328.9961
      2 C0000002       1.0000003                       0
      3 C0000003     -0.89726549                       0
      4 C0000004               1                328.9961
      5 C0000005  -7.9966054e-14                       0
      6 C0000006               1                328.9961
      7 C0000007              -1                 182.175
      8 C0000008               1                       0
      9 C0000009              -1               281.52851
     10 C0000010               1                       0
     11 C0000011              -1               113.23716
     12 C0000012               1                       0
     13 C0000013              -1               244.24827
     14 C0000014               1                       0
     15 C0000015              -1               202.12927
     16 C0000016               1                       0
     17 C0000017              -1                328.9961
     18 C0000018               3                       0
     19 C0000019              -1                126.7069
     20 C0000020               1                       0
     21 C0000021              -1               105.66858
     22 C0000022               1               223.32751
     23 C0000023     -0.99999994                       0
     24 C0000024               1                328.9961
     25 C0000025              -1               302.78098
     26 C0000026               1                       0
     27 C0000027              -1               324.40394
     28 C0000028               1                       0
     29 C0000029              -1                       0
     30 C0000030               1               7.2808069
     31 C0000031     -0.79027578                       0
     32 C0000032               1                328.9961
     33 C0000033              -1                328.9961
     34 C0000034       2.3601591                       0
     35 C0000035              -1               316.34496
     36 C0000036               1                       0
     37 C0000037              -1                       0
     38 C0000038               1               176.95707
     39 C0000039              -1                153.5869
     40 C0000040               1                       0
     41 C0000041              -1               275.54439
     42 C0000042               1               53.451707
     43 C0000043              -1                328.9961
     44 C0000044        1.110739                       0
     45 C0000045              -1                328.9961
     46 C0000046       1.0000443                       0
     47 C0000047              -1               265.79197
     48 C0000048               1                       0
     49 C0000049               1              -69007.985
     50 C0000050       -1.000002                       0
     51 C0000051        0.999998                       0
     52 C0000052              -1               -7057.165
     53 C0000053        0.999998                       0
     54 C0000054              -1              -2160.4894
     55 C0000055           1e-06               -78225.64
     56 C0000056       2.3917007               -328.9961
     57 C0000057       1.9999999                       0
     58 C0000058       1.9999999              -319.77627
     59 C0000059       10.080477                       0
     60 C0000060       10.080477              -4.8676923
     61 C0000061              28                       0
     62 C0000062              28                       0
      0 X0000000   1.3925682e-07                       0
      1 X0000001     0.051367254                       0
      2 X0000002             0.5                       0
      3 X0000003               0               146.82109
      4 X0000004               0               47.467591
      5 X0000005               0               215.75894
      6 X0000006               0               84.747822
      7 X0000007               0               126.86683
      8 X0000008               1                       0
      9 X0000009               0               202.28919
     10 X0000010               0                       0
     11 X0000011      2.9927e-08                       0
     12 X0000012               0                26.21512
     13 X0000013               0               4.5921514
     14 X0000014               0               321.71529
     15 X0000015      0.10486211                       0
     16 X0000016      0.68007953                       0
     17 X0000017               0               12.651139
     18 X0000018               0               152.03903
     19 X0000019               0                175.4092
     20 X0000020               0                       0
     21 X0000021     0.055369516                       0
     22 X0000022   2.2129382e-05                       0
     23 X0000023               0               63.204122
     24 X0000024       20.000003                       0
     25 X0000025       25.613084                       0
     26 X0000026              18               3.9681604
     27 X0000027               2                       0
     28 X0000028               4                       0
     29 X0000029               3                       0
     30 X0000030               4                       0
     31 X0000031               4                       0
     32 X0000032              36              -6.3160033
     33 X0000033              28                       0
     34 X0000034              43                       0
     35 X0000035       1.9999999                       0
     36 X0000036               6                       0
     37 X0000037              15                       0
     38 X0000038              18                       0
     39 X0000039       36.700654                       0
     40 X0000040       10.080477                       0
     41 X0000041               6                       0
     42 X0000042              27                       0
     43 X0000043               8                       0
     44 X0000044               3                       0
     45 X0000045       30.605716                       0
     46 X0000046       3.0000664                       0
     47 X0000047              12                       0
     48 X0000048           1e-06                       0
