Optimal - objective value 7.99999555
      0 C0000000             365               3.7751255
      1 C0000001              -1               1.2101862
      2 C0000002               1                       0
      3 C0000003              -1               4.2166776
      4 C0000004               1              0.22858239
      5 C0000005              -1              0.51001919
      6 C0000006               1                       0
      7 C0000007              -1               4.3503444
      8 C0000008               1             0.094915581
      9 C0000009              -1               3.9889606
     10 C0000010               1                       0
     11 C0000011              -1                 3.25997
     12 C0000012               1                       0
     13 C0000013              -1               1.1512207
     14 C0000014               1                       0
     15 C0000015              -1               0.3084649
     16 C0000016               1                       0
     17 C0000017              -1               1.0065359
     18 C0000018               1                       0
     19 C0000019              -1               2.6352556
     20 C0000020               1                       0
     21 C0000021              -1                 4.44526
     22 C0000022       1.3202485                       0
     23 C0000023              -1               2.4908491
     24 C0000024               1                       0
     25 C0000025              -1               2.4292016
     26 C0000026               1                       0
     27 C0000027              -1               2.5292179
     28 C0000028               1                       0
     29 C0000029              -1               3.8356838
     30 C0000030               1                       0
     31 C0000031     -0.58363746                       0
     32 C0000032               1                 4.44526
     33 C0000033              -1               1.1936849
     34 C0000034               1                       0
     35 C0000035              -1               2.4647592
     36 C0000036               1                       0
     37 C0000037              -1               1.0860042
     38 C0000038               1                       0
     39 C0000039              -1                 4.44526
     40 C0000040       1.2089916                       0
     41 C0000041              -1                2.638412
     42 C0000042               1                       0
     43 C0000043              -1               1.0441237
     44 C0000044               1                       0
     45 C0000045              -1               1.7316178
     46 C0000046               1                       0
     47 C0000047              -1                2.595367
     48 C0000048               1                       0
     49 C0000049              -1               0.5512939
     50 C0000050               1                       0
     51 C0000051              -1               1.4188497
     52 C0000052               1                       0
     53 C0000053              -1               1.8877252
     54 C0000054               1                       0
     55 C0000055              -1               1.6166055
     56 C0000056               1                       0
     57 C0000057              -1               3.0617913
     58 C0000058               1                       0
     59 C0000059              -1               2.9663482
     60 C0000060               1                       0
     61 C0000061              -1               2.7813807
     62 C0000062               1                       0
     63 C0000063              -1              0.47284625
     64 C0000064               1                       0
     65 C0000065              -1               1.7435424
     66 C0000066               1                       0
     67 C0000067              -1                 4.44526
     68 C0000068       1.1438286                       0
     69 C0000069              -1               1.5737667
     70 C0000070               1                       0
     71 C0000071              -1               4.0408718
     72 C0000072               1                       0
     73 C0000073              -1               3.5269744
     74 C0000074               1                       0
     75 C0000075              -1               1.4776017
     76 C0000076               1                       0
     77 C0000077              -1               2.2974919
     78 C0000078               1               2.1477681
     79 C0000079              -1               2.5392318
     80 C0000080               1                       0
     81 C0000081              -1               2.8756507
     82 C0000082               1                       0
     83 C0000083              -1              0.75808092
     84 C0000084               1                       0
     85 C0000085     -0.99999889                       0
     86 C0000086               1                 4.44526
     87 C0000087              -1               1.3585185
     88 C0000088               1                       0
     89 C0000089              -1                       0
     90 C0000090               1               2.4833206
     91 C0000091              -1               1.3076821
     92 C0000092               1                       0
     93 C0000093              -1              0.96046938
     94 C0000094               1                       0
     95 C0000095              -1               1.7790371
     96 C0000096               1                       0
     97 C0000097               1              -1350.8469
     98 C0000098       -1.000002                       0
     99 C0000099        0.999998                       0
    100 C0000100              -1              -99.739947
    101 C0000101               1              -29.227963
    102 C0000102       -1.000002                       0
    103 C0000103           1e-06              -1479.8148
    104 C0000104      0.54471617                -4.44526
    105 C0000105               1                       0
    106 C0000106               1                       0
      0 X0000000               0               3.2350737
      1 X0000001               0                       0
      2 X0000002               0               3.9352408
      3 X0000003               0                       0
      4 X0000004               0              0.45629939
      5 X0000005               0               1.1852899
      6 X0000006               0               3.2940393
      7 X0000007               0               4.1367951
      8 X0000008               0               3.4387241
      9 X0000009               0               1.8100043
     10 X0000010      0.16012426                       0
     11 X0000011               0               1.9544109
     12 X0000012               0               2.0160584
     13 X0000013               0               1.9160421
     14 X0000014               0              0.60957613
     15 X0000015      0.20818127                       0
     16 X0000016               0                3.251575
     17 X0000017               0               1.9805007
     18 X0000018               0               3.3592558
     19 X0000019      0.10449578                       0
     20 X0000020               0                1.806848
     21 X0000021               0               3.4011363
     22 X0000022               0               2.7136422
     23 X0000023               0                1.849893
     24 X0000024               0               3.8939661
     25 X0000025               0               3.0264103
     26 X0000026               0               2.5575347
     27 X0000027               0               2.8286544
     28 X0000028               0               1.3834686
     29 X0000029               0               1.4789118
     30 X0000030               0               1.6638793
     31 X0000031               0               3.9724137
     32 X0000032               0               2.7017176
     33 X0000033     0.071914306                       0
     34 X0000034               0               2.8714932
     35 X0000035               0              0.40438821
     36 X0000036               0              0.91828556
     37 X0000037               0               2.9676583
     38 X0000038               0                       0
     39 X0000039               0               1.9060282
     40 X0000040               0               1.5696093
     41 X0000041               0               3.6871791
     42 X0000042   5.5565749e-07                       0
     43 X0000043               0               3.0867415
     44 X0000044               0               1.9619394
     45 X0000045               0               3.1375779
     46 X0000046               0               3.4847906
     47 X0000047               0               2.6662228
     48 X0000048               6                       0
     49 X0000049              19                       0
     50 X0000050               7                       0
     51 X0000051               4                       0
     52 X0000052               4                       0
     53 X0000053               3                       0
     54 X0000054               1                       0
     55 X0000055               3                       0
     56 X0000056               2                       0
     57 X0000057               3                       0
     58 X0000058       17.401864                       0
     59 X0000059               4                       0
     60 X0000060               1                       0
     61 X0000061               8                       0
     62 X0000062               4                       0
     63 X0000063       19.003649                       0
     64 X0000064              18                       0
     65 X0000065               5                       0
     66 X0000066              16                       0
     67 X0000067       9.9404621                       0
     68 X0000068               2                       0
     69 X0000069               1                       0
     70 X0000070               2                       0
     71 X0000071               6                       0
     72 X0000072              23                       0
     73 X0000073               1                       0
     74 X0000074              10                       0
     75 X0000075               1                       0
     76 X0000076              14                       0
     77 X0000077               4                       0
     78 X0000078               3                       0
     79 X0000079              13                       0
     80 X0000080               1                       0
     81 X0000081       24.654029                       0
     82 X0000082               4                       0
     83 X0000083               4                       0
     84 X0000084               6                       0
     85 X0000085               1                       0
     86 X0000086              20                       0
     87 X0000087               4                       0
     88 X0000088              19                       0
     89 X0000089               9                       0
     90 X0000090       7.9999956                       0
     91 X0000091               2                       0
     92 X0000092              19                       0
     93 X0000093               3                       0
     94 X0000094               1                       0
     95 X0000095               5                       0
     96 X0000096           1e-06                       0
