Optimal - objective value 11.99999989
      0 C0000000             365               3.8952096
      1 C0000001              -1                       0
      2 C0000002               1               8.6301412
      3 C0000003              -1                16.74111
      4 C0000004               1                       0
      5 C0000005              -1               3.4512373
      6 C0000006               1                       0
      7 C0000007              -1                 14.6802
      8 C0000008               1                       0
      9 C0000009              -1               10.397605
     10 C0000010               1                       0
     11 C0000011              -1               12.959551
     12 C0000012               1                       0
     13 C0000013              -1               23.713945
     14 C0000014               3                       0
     15 C0000015              -1                       0
     16 C0000016               1               17.949304
     17 C0000017              -1               8.9193468
     18 C0000018               1                       0
     19 C0000019              -1               14.343245
     20 C0000020               1                       0
     21 C0000021              -1               23.713945
     22 C0000022       1.6385242                       0
     23 C0000023     -0.34066753                       0
     24 C0000024               1               23.713945
     25 C0000025              -1               8.6147928
     26 C0000026               1                       0
     27 C0000027              -1               7.7457194
     28 C0000028               1                       0
     29 C0000029              -1               18.189171
     30 C0000030               1               5.5247746
     31 C0000031              -1               5.9724886
     32 C0000032               1               17.741457
     33 C0000033     -0.99999844                       0
     34 C0000034               1               23.713945
     35 C0000035              -1               16.672118
     36 C0000036               1                       0
     37 C0000037              -1               19.160705
     38 C0000038               1                       0
     39 C0000039              -1               10.291572
     40 C0000040               1                       0
     41 C0000041              -1               12.950137
     42 C0000042               1               10.763808
     43 C0000043     -0.99999998                       0
     44 C0000044               1               23.713945
     45 C0000045              -1               23.713945
     46 C0000046       2.9999832                       0
     47 C0000047              -1               19.766327
     48 C0000048               1                       0
     49 C0000049              -1               12.404047
     50 C0000050               1                       0
     51 C0000051              -1               10.289868
     52 C0000052               1                       0
     53 C0000053     -0.98484951                       0
     54 C0000054               1               23.713945
     55 C0000055              -1               5.2823689
     56 C0000056               1                       0
     57 C0000057              -1               15.520935
     58 C0000058               1                       0
     59 C0000059              -1               3.2877102
     60 C0000060               1                       0
     61 C0000061              -1               7.8850085
     62 C0000062               1                       0
     63 C0000063              -1               4.8852199
     64 C0000064               1                       0
     65 C0000065              -1               10.861333
     66 C0000066               1                       0
     67 C0000067              -1               15.479065
     68 C0000068               1                       0
     69 C0000069              -1               7.5083755
     70 C0000070               1                       0
     71 C0000071              -1               11.754221
     72 C0000072               1                       0
     73 C0000073              -1                       0
     74 C0000074               1               8.9164871
     75 C0000075              -1               9.6922643
     76 C0000076               1                       0
     77 C0000077              -1               9.8356053
     78 C0000078               1                       0
     79 C0000079              -1                       0
     80 C0000080               1                7.539543
     81 C0000081              -1               6.0004198
     82 C0000082               1                       0
     83 C0000083              -1               10.502938
     84 C0000084               1                       0
     85 C0000085              -1               13.060472
     86 C0000086               1                       0
     87 C0000087     -0.92799316                       0
     88 C0000088               1               23.713945
     89 C0000089              -1                       0
     90 C0000090               1               15.779827
     91 C0000091              -1               3.7631479
     92 C0000092               1                       0
     93 C0000093              -1               6.7847099
     94 C0000094               1                       0
     95 C0000095              -1               14.111761
     96 C0000096               1                       0
     97 C0000097               1              -1930.6605
     98 C0000098       -1.000002                       0
     99 C0000099        0.999998                       0
    100 C0000100              -1              -759.45293
    101 C0000101        0.999998                       0
    102 C0000102              -1              -94.216712
    103 C0000103           1e-06              -2784.3301
    104 C0000104       2.6924994              -23.713945
    105 C0000105       5.9999748                       0
    106 C0000106       5.9999748              -1.0543308
    107 C0000107               1                       0
    108 C0000108               1                       0
    109 C0000109               2                       0
    110 C0000110               2                       0
    111 C0000111               3                       0
    112 C0000112               3                       0
    113 C0000113       20.110013                       0
    114 C0000114       20.110013             -0.11291144
      0 X0000000               0               15.083804
      1 X0000001               0               6.9728351
      2 X0000002               0               20.262708
      3 X0000003               0               9.0337455
      4 X0000004               0               13.316341
      5 X0000005               0               10.754394
      6 X0000006               1                       0
      7 X0000007               0               5.7646415
      8 X0000008               0               14.794598
      9 X0000009               0               9.3707002
     10 X0000010      0.31926208                       0
     11 X0000011      0.32966623                       0
     12 X0000012               0               15.099152
     13 X0000013               0               15.968226
     14 X0000014               0                       0
     15 X0000015               0                       0
     16 X0000016   7.8229486e-07                       0
     17 X0000017               0               7.0418273
     18 X0000018               0               4.5532397
     19 X0000019               0               13.422373
     20 X0000020               0                       0
     21 X0000021   9.4092955e-09                       0
     22 X0000022       0.9999916                       0
     23 X0000023               0               3.9476184
     24 X0000024               0               11.309898
     25 X0000025               0               13.424077
     26 X0000026     0.007575247                       0
     27 X0000027               0               18.431576
     28 X0000028               0               8.1930098
     29 X0000029               0               20.426235
     30 X0000030               0               15.828937
     31 X0000031               0               18.828725
     32 X0000032               0               12.852612
     33 X0000033               0               8.2348806
     34 X0000034               0                16.20557
     35 X0000035               0               11.959724
     36 X0000036               0               14.797458
     37 X0000037               0               14.021681
     38 X0000038               0                13.87834
     39 X0000039               0               16.174402
     40 X0000040               0               17.713525
     41 X0000041               0               13.211007
     42 X0000042               0               10.653474
     43 X0000043      0.03600342                       0
     44 X0000044               0               7.9341179
     45 X0000045               0               19.950797
     46 X0000046               0               16.929235
     47 X0000047               0               9.6021843
     48 X0000048              19                       0
     49 X0000049               5                       0
     50 X0000050              13                       0
     51 X0000051              13                       0
     52 X0000052               1                       0
     53 X0000053               2                       0
     54 X0000054              10              -2.0819956
     55 X0000055              18                       0
     56 X0000056               2                       0
     57 X0000057               2                       0
     58 X0000058       11.873359                       0
     59 X0000059       20.110013                       0
     60 X0000060               1                       0
     61 X0000061               1                       0
     62 X0000062              12                       0
     63 X0000063              16                       0
     64 X0000064       21.999983                       0
     65 X0000065               1                       0
     66 X0000066               3                       0
     67 X0000067               2                       0
     68 X0000068              20                       0
     69 X0000069              12                       0
     70 X0000070       5.9999748                       0
     71 X0000071               3                       0
     72 X0000072               6                       0
     73 X0000073               1                       0
     74 X0000074       29.772743                       0
     75 X0000075               1                       0
     76 X0000076               8                       0
     77 X0000077               2                       0
     78 X0000078               1                       0
     79 X0000079               1                       0
     80 X0000080               1                       0
     81 X0000081               4                       0
     82 X0000082               1                       0
     83 X0000083               2                       0
     84 X0000084              22                       0
     85 X0000085               4                       0
     86 X0000086               2                       0
     87 X0000087              20                       0
     88 X0000088               1                       0
     89 X0000089               1                       0
     90 X0000090               1                       0
     91 X0000091       20.243928                       0
     92 X0000092              14                       0
     93 X0000093               1                       0
     94 X0000094               1                       0
     95 X0000095               4                       0
     96 X0000096           1e-06                       0
