Optimal - objective value 1.71285723
      0 C0000000             365              -0.7561283
      1 C0000001              -1              0.14927198
      2 C0000002               1                       0
      3 C0000003              -1              0.39257843
      4 C0000004               1                       0
      5 C0000005              -1                       1
      6 C0000006       1.8816961                       0
      7 C0000007              -1              0.76584295
      8 C0000008               1                       0
      9 C0000009              -1              0.25035389
     10 C0000010               1                       0
     11 C0000011              -1               0.2697515
     12 C0000012               1                       0
     13 C0000013              -1              0.81442731
     14 C0000014               1              0.18557269
     15 C0000015              -1                       1
     16 C0000016       2.1229176                       0
     17 C0000017              -1              0.31788509
     18 C0000018               1                       0
     19 C0000019              -1              0.28710229
     20 C0000020               1                       0
     21 C0000021              -1              0.17480716
     22 C0000022               1                       0
     23 C0000023    9.986506e-14                       0
     24 C0000024               1                       1
     25 C0000025              -1              0.21402135
     26 C0000026               1                       0
     27 C0000027              -1              0.20471467
     28 C0000028               1                       0
     29 C0000029              -1              0.55572992
     30 C0000030               1                       0
     31 C0000031              -1                       0
     32 C0000032               1             0.035057983
     33 C0000033              -1              0.41484614
     34 C0000034               1                       0
     35 C0000035              -1               0.3190096
     36 C0000036               1                       0
     37 C0000037              -1              0.59679096
     38 C0000038               1                       0
     39 C0000039              -1              0.23823059
     40 C0000040               1                       0
     41 C0000041              -1              0.13614983
     42 C0000042               1                       0
     43 C0000043              -1              0.68837044
     44 C0000044               1                       0
     45 C0000045              -1              0.42408413
     46 C0000046               1                       0
     47 C0000047              -1              0.56502461
     48 C0000048               1                       0
     49 C0000049              -1              0.28688702
     50 C0000050               1                       0
     51 C0000051              -1              0.19020704
     52 C0000052               1                       0
     53 C0000053     -0.78963878                       0
     54 C0000054               1                       1
     55 C0000055              -1              0.12897503
     56 C0000056               1                       0
     57 C0000057              -1              0.20160687
     58 C0000058               1                       0
     59 C0000059              -1             0.046281879
     60 C0000060               1                       0
     61 C0000061              -1              0.14413196
     62 C0000062               1                       0
     63 C0000063              -1             0.064871151
     64 C0000064               1                       0
     65 C0000065              -1              0.17931887
     66 C0000066               1                       0
     67 C0000067              -1             0.037254436
     68 C0000068               1                       0
     69 C0000069              -1               0.2029775
     70 C0000070               1                       0
     71 C0000071              -1               0.2203036
     72 C0000072               1                       0
     73 C0000073              -1                       1
     74 C0000074       1.2107396                       0
     75 C0000075              -1               0.4688345
     76 C0000076               1                       0
     77 C0000077              -1              0.14856523
     78 C0000078               1                       0
     79 C0000079              -1             0.062316065
     80 C0000080               1              0.93768394
     81 C0000081              -1             0.088234436
     82 C0000082               1                       0
     83 C0000083              -1              0.14285646
     84 C0000084               1                       0
     85 C0000085              -1              0.28998682
     86 C0000086               1                       0
     87 C0000087              -1              0.86453582
     88 C0000088               1              0.13546418
     89 C0000089              -1              0.24502968
     90 C0000090               1                       0
     91 C0000091              -1              0.13081825
     92 C0000092               1                       0
     93 C0000093              -1             0.096989477
     94 C0000094               1                       0
     95 C0000095              -1               0.1296326
     96 C0000096               1                       0
     97 C0000097        0.999998                       0
     98 C0000098              -1              -283.37912
     99 C0000099        0.999998                       0
    100 C0000100              -1               -12.69515
    101 C0000101               1              -6.5376047
    102 C0000102       -1.000002                       0
    103 C0000103           1e-06              -302.61187
      0 X0000000               0              0.85072802
      1 X0000001               0              0.60742157
      2 X0000002      0.44084803                       0
      3 X0000003               0              0.23415705
      4 X0000004               0              0.74964611
      5 X0000005               0               0.7302485
      6 X0000006               0                       0
      7 X0000007       0.5614588                       0
      8 X0000008               0              0.68211491
      9 X0000009               0              0.71289771
     10 X0000010               0              0.82519284
     11 X0000011             0.5                       0
     12 X0000012               0              0.78597865
     13 X0000013               0              0.79528533
     14 X0000014               0              0.44427008
     15 X0000015               0              0.96494202
     16 X0000016               0              0.58515386
     17 X0000017               0               0.6809904
     18 X0000018               0              0.40320904
     19 X0000019               0              0.76176941
     20 X0000020               0              0.86385017
     21 X0000021               0              0.31162956
     22 X0000022               0              0.57591587
     23 X0000023               0              0.43497539
     24 X0000024               0              0.71311298
     25 X0000025               0              0.80979296
     26 X0000026      0.10518061                       0
     27 X0000027               0              0.87102497
     28 X0000028               0              0.79839313
     29 X0000029               0              0.95371812
     30 X0000030               0              0.85586804
     31 X0000031               0              0.93512885
     32 X0000032               0              0.82068113
     33 X0000033               0              0.96274556
     34 X0000034               0               0.7970225
     35 X0000035               0               0.7796964
     36 X0000036       0.1053698                       0
     37 X0000037               0               0.5311655
     38 X0000038               0              0.85143477
     39 X0000039               0                       0
     40 X0000040               0              0.91176556
     41 X0000041               0              0.85714354
     42 X0000042               0              0.71001318
     43 X0000043               0                       0
     44 X0000044               0              0.75497032
     45 X0000045               0              0.86918175
     46 X0000046               0              0.90301052
     47 X0000047               0               0.8703674
     48 X0000048              19                       0
     49 X0000049               5                       0
     50 X0000050       18.731024                       0
     51 X0000051              13                       0
     52 X0000052               1                       0
     53 X0000053               2                       0
     54 X0000054               5                       0
     55 X0000055       28.106258                       0
     56 X0000056               2                       0
     57 X0000057               2                       0
     58 X0000058               9                       0
     59 X0000059              15            0.0012768819
     60 X0000060               1                       0
     61 X0000061               1                       0
     62 X0000062              12                       0
     63 X0000063              16                       0
     64 X0000064              22                       0
     65 X0000065               1                       0
     66 X0000066               3                       0
     67 X0000067               2                       0
     68 X0000068              20                       0
     69 X0000069              12                       0
     70 X0000070               3                       0
     71 X0000071               3                       0
     72 X0000072               6                       0
     73 X0000073               1                       0
     74 X0000074       26.844582                       0
     75 X0000075               1                       0
     76 X0000076               8                       0
     77 X0000077               2                       0
     78 X0000078               1                       0
     79 X0000079               1                       0
     80 X0000080               1                       0
     81 X0000081               4                       0
     82 X0000082               1                       0
     83 X0000083               2                       0
     84 X0000084       24.318136                       0
     85 X0000085               4                       0
     86 X0000086               2                       0
     87 X0000087              20                       0
     88 X0000088               1                       0
     89 X0000089               1                       0
     90 X0000090               1                       0
     91 X0000091              21                       0
     92 X0000092              14                       0
     93 X0000093               1                       0
     94 X0000094               1                       0
     95 X0000095               4                       0
     96 X0000096           1e-06                       0
