Optimal - objective value 20.23738555
      0 C0000000             365              -63.664104
      1 C0000001              -1               44.351151
      2 C0000002       1.7463412                       0
      3 C0000003     -0.75040847                       0
      4 C0000004               1               44.351151
      5 C0000005              -1               24.995661
      6 C0000006               1                19.35549
      7 C0000007              -1               37.169607
      8 C0000008               1                       0
      9 C0000009      -0.9999966                       0
     10 C0000010               1               44.351151
     11 C0000011              -1                       0
     12 C0000012               1               8.7188137
     13 C0000013              -1                       0
     14 C0000014               1               26.700129
     15 C0000015              -1               44.351151
     16 C0000016       2.6795246                       0
     17 C0000017     -0.98635895                       0
     18 C0000018               1               44.351151
     19 C0000019              -1               44.351151
     20 C0000020               3                       0
     21 C0000021              -1                39.67669
     22 C0000022               1               4.6744605
     23 C0000023  -9.8987775e-09                       0
     24 C0000024               1               44.351151
     25 C0000025        0.999998                       0
     26 C0000026              -1              -22948.257
     27 C0000027        0.999998                       0
     28 C0000028              -1              -555.26667
     29 C0000029      0.99999801                       0
     30 C0000030              -1                       0
     31 C0000031           1e-06              -23503.524
     32 C0000032       2.8445509              -44.351151
     33 C0000033       10.999981                       0
     34 C0000034       10.999981              -6.1229851
     35 C0000035            11.5                       0
     36 C0000036            11.5                       0
     37 C0000037       47.261029                       0
     38 C0000038       47.261029             -0.21032715
     39 C0000039       71.508922                       0
     40 C0000040       71.508922                       0
     41 C0000041       5.4926824                       0
     42 C0000042       5.4926824                       0
     43 C0000043              16                       0
     44 C0000044              16                       0
     45 C0000045              16                       0
     46 C0000046              16                       0
      0 X0000000       0.3731706                       0
      1 X0000001      0.12479577                       0
      2 X0000002               0                       0
      3 X0000003               0               7.1815433
      4 X0000004   1.7017918e-06                       0
      5 X0000005               0               35.632337
      6 X0000006               0               17.651022
      7 X0000007      0.83976232                       0
      8 X0000008    0.0068205273                       0
      9 X0000009               1                       0
     10 X0000010               0                       0
     11 X0000011             0.5                       0
     12 X0000012       5.4926824                       0
     13 X0000013       47.261029                       0
     14 X0000014              46                       0
     15 X0000015               7                       0
     16 X0000016       10.999981                       0
     17 X0000017              63                       0
     18 X0000018              50                       0
     19 X0000019       20.237386                       0
     20 X0000020       71.508922                       0
     21 X0000021              16              -2.7731728
     22 X0000022              16                       0
     23 X0000023            11.5                       0
     24 X0000024           1e-06                       0
