Optimal - objective value 12.99999996
      0 C0000000             365              -7.9052493
      1 C0000001              -1               1.8838962
      2 C0000002               1                       0
      3 C0000003              -1                       0
      4 C0000004               1               9.9457921
      5 C0000005              -1               3.9864873
      6 C0000006               1                       0
      7 C0000007              -1               16.672221
      8 C0000008       1.1102115                       0
      9 C0000009              -1               15.977096
     10 C0000010               1                       0
     11 C0000011              -1               15.347632
     12 C0000012               1                       0
     13 C0000013              -1               5.1510503
     14 C0000014               1                       0
     15 C0000015              -1               1.4700777
     16 C0000016               1                       0
     17 C0000017              -1                5.090144
     18 C0000018               1                       0
     19 C0000019              -1               7.9738399
     20 C0000020               1                       0
     21 C0000021              -1                       0
     22 C0000022               1               5.0708052
     23 C0000023              -1               2.0105195
     24 C0000024               1                       0
     25 C0000025              -1               8.8077876
     26 C0000026               1                       0
     27 C0000027              -1               8.7097713
     28 C0000028               1                       0
     29 C0000029              -1               16.672221
     30 C0000030       2.1722007                       0
     31 C0000031              -1               16.672221
     32 C0000032       1.5086614                       0
     33 C0000033     -0.99995346                       0
     34 C0000034               1               16.672221
     35 C0000035              -1               5.9547456
     36 C0000036               1                       0
     37 C0000037              -1                       0
     38 C0000038               1               5.4568006
     39 C0000039              -1               9.9967232
     40 C0000040               1                       0
     41 C0000041              -1               6.3718697
     42 C0000042               1                       0
     43 C0000043              -1               4.4093672
     44 C0000044               1                       0
     45 C0000045              -1               6.9008789
     46 C0000046               1                       0
     47 C0000047              -1                1.186301
     48 C0000048               1                       0
     49 C0000049              -1                       0
     50 C0000050               1               6.4566674
     51 C0000051              -1               6.0016402
     52 C0000052               1                       0
     53 C0000053              -1                4.639721
     54 C0000054               1                       0
     55 C0000055              -1               5.5136998
     56 C0000056               1                       0
     57 C0000057              -1               12.680875
     58 C0000058               1               3.9913453
     59 C0000059              -1                7.500512
     60 C0000060               1                       0
     61 C0000061              -1               11.682996
     62 C0000062               1                       0
     63 C0000063     -0.99999999                       0
     64 C0000064               1               16.672221
     65 C0000065              -1               7.5440915
     66 C0000066               1                       0
     67 C0000067              -1                       0
     68 C0000068               1               5.9319419
     69 C0000069              -1               7.6551178
     70 C0000070               1                       0
     71 C0000071              -1               8.0323072
     72 C0000072               1                       0
     73 C0000073              -1               9.2475202
     74 C0000074               1                       0
     75 C0000075              -1               5.7392969
     76 C0000076               1                       0
     77 C0000077              -1                       0
     78 C0000078               1                3.977367
     79 C0000079              -1               13.042834
     80 C0000080               1                       0
     81 C0000081    -0.087542972                       0
     82 C0000082               1               16.672221
     83 C0000083              -1                       0
     84 C0000084               1               5.2039143
     85 C0000085              -1                       0
     86 C0000086               1               3.6534304
     87 C0000087              -1                5.237017
     88 C0000088               1                       0
     89 C0000089              -1                       0
     90 C0000090               1               4.9049191
     91 C0000091              -1               3.6140678
     92 C0000092               1                       0
     93 C0000093              -1                2.155102
     94 C0000094               1                       0
     95 C0000095              -1               9.4699163
     96 C0000096               1                       0
     97 C0000097        0.999998                       0
     98 C0000098              -1              -2481.8838
     99 C0000099        0.999998                       0
    100 C0000100              -1              -414.04272
    101 C0000101        0.999998                       0
    102 C0000102              -1              -202.13666
    103 C0000103           1e-06              -3098.0631
    104 C0000104       1.3517885              -16.672221
    105 C0000105       17.999581                       0
    106 C0000106       17.999581             -0.03971258
    107 C0000107               1                       0
    108 C0000108               1                       0
    109 C0000109               8                       0
    110 C0000110               8                       0
    111 C0000111               3                       0
    112 C0000112               3                       0
    113 C0000113               2                       0
    114 C0000114               2                       0
    115 C0000115               9                       0
    116 C0000116               9                       0
    117 C0000117              23                       0
    118 C0000118              23                       0
    119 C0000119               2                       0
    120 C0000120               2                       0
    121 C0000121               1                       0
    122 C0000122               1                       0
      0 X0000000               0               14.788324
      1 X0000001               0               6.7264284
      2 X0000002               0               12.685733
      3 X0000003     0.055105749                       0
      4 X0000004               0              0.69512417
      5 X0000005               0               1.3245881
      6 X0000006               0                11.52117
      7 X0000007               0               15.202143
      8 X0000008               0               11.582077
      9 X0000009               0               8.6983807
     10 X0000010               0               11.601415
     11 X0000011               0               14.661701
     12 X0000012               0               7.8644329
     13 X0000013               0               7.9624493
     14 X0000014      0.58610034                       0
     15 X0000015      0.25433068                       0
     16 X0000016   2.3267901e-05                       0
     17 X0000017               0               10.717475
     18 X0000018               0                11.21542
     19 X0000019               0               6.6754973
     20 X0000020               0               10.300351
     21 X0000021               0               12.262853
     22 X0000022               0               9.7713416
     23 X0000023               0                15.48592
     24 X0000024               0               10.215553
     25 X0000025               0                10.67058
     26 X0000026               0                 12.0325
     27 X0000027               0               11.158521
     28 X0000028               0                       0
     29 X0000029               0               9.1717086
     30 X0000030               0               4.9892248
     31 X0000031   3.0547736e-09                       0
     32 X0000032               0                9.128129
     33 X0000033               0               10.740279
     34 X0000034               0               9.0171027
     35 X0000035               0               8.6399133
     36 X0000036               0               7.4247003
     37 X0000037               0               10.932924
     38 X0000038               0               12.694854
     39 X0000039               0               3.6293869
     40 X0000040      0.45622851                       0
     41 X0000041               0               11.468306
     42 X0000042               0                13.01879
     43 X0000043               0               11.435204
     44 X0000044               0               11.767301
     45 X0000045               0               13.058153
     46 X0000046               0               14.517119
     47 X0000047               0               7.2023042
     48 X0000048               6                       0
     49 X0000049              19                       0
     50 X0000050               7                       0
     51 X0000051        4.220423                       0
     52 X0000052               4                       0
     53 X0000053               3                       0
     54 X0000054               1                       0
     55 X0000055               3                       0
     56 X0000056               2                       0
     57 X0000057               3                       0
     58 X0000058              15                       0
     59 X0000059               4                       0
     60 X0000060               1                       0
     61 X0000061               8                       0
     62 X0000062       6.3444013                       0
     63 X0000063       30.103936                       0
     64 X0000064       17.999581                       0
     65 X0000065               5                       0
     66 X0000066              16                       0
     67 X0000067               9                       0
     68 X0000068               2                       0
     69 X0000069               1                       0
     70 X0000070               2                       0
     71 X0000071               6                       0
     72 X0000072              23                       0
     73 X0000073               1                       0
     74 X0000074              10                       0
     75 X0000075               1                       0
     76 X0000076              14                       0
     77 X0000077               4                       0
     78 X0000078               3                       0
     79 X0000079              13                       0
     80 X0000080               1                       0
     81 X0000081              23                       0
     82 X0000082               4                       0
     83 X0000083               4                       0
     84 X0000084               6                       0
     85 X0000085               1                       0
     86 X0000086              20                       0
     87 X0000087               4                       0
     88 X0000088       10.331658                       0
     89 X0000089               9                       0
     90 X0000090               8                       0
     91 X0000091               2                       0
     92 X0000092              19                       0
     93 X0000093               3                       0
     94 X0000094               1                       0
     95 X0000095               5                       0
     96 X0000096           1e-06                       0
