Optimal - objective value 1.99999996
      0 C0000000             365              0.49415768
      1 C0000001              -1                       0
      2 C0000002               1              0.12384261
      3 C0000003              -1              0.62282836
      4 C0000004               1              0.67034973
      5 C0000005              -1               1.2200061
      6 C0000006               1                       0
      7 C0000007              -1               1.2931781
      8 C0000008       2.2649605                       0
      9 C0000009     -0.99999996                       0
     10 C0000010               1               1.2931781
     11 C0000011              -1               1.0965192
     12 C0000012               1                       0
     13 C0000013              -1               1.2931781
     14 C0000014         2.26012                       0
     15 C0000015     -0.99999762                       0
     16 C0000016               1               1.2931781
     17 C0000017               0                       0
     18 C0000018               1               1.2931781
     19 C0000019              -1               1.2931781
     20 C0000020               3                       0
     21 C0000021     -0.99999999                       0
     22 C0000022               1               1.2931781
     23 C0000023              -1              0.88860327
     24 C0000024               1                       0
     25 C0000025              -1              0.82278563
     26 C0000026               1                       0
     27 C0000027              -1               1.0205913
     28 C0000028               1                       0
     29 C0000029              -1              0.71959503
     30 C0000030               1                       0
     31 C0000031              -1              0.49151871
     32 C0000032               1                       0
     33 C0000033              -1              0.58604883
     34 C0000034               1                       0
     35 C0000035              -1              0.97611257
     36 C0000036               1                       0
     37 C0000037     -0.47685129                       0
     38 C0000038               1               1.2931781
     39 C0000039              -1              0.81637746
     40 C0000040               1                       0
     41 C0000041              -1              0.43674712
     42 C0000042               1                       0
     43 C0000043              -1                       0
     44 C0000044               1              0.40186396
     45 C0000045              -1                       0
     46 C0000046               1              0.72945098
     47 C0000047              -1               1.2931781
     48 C0000048       1.4028784                       0
     49 C0000049               1              -184.42636
     50 C0000050       -1.000002                       0
     51 C0000051        0.999998                       0
     52 C0000052              -1              -25.256142
     53 C0000053               1              -5.5433933
     54 C0000054       -1.000002                       0
     55 C0000055           1e-06              -215.22589
     56 C0000056        3.225555              -1.2931781
     57 C0000057       21.999974                       0
     58 C0000058       21.999974            -0.047500664
     59 C0000059               1                       0
     60 C0000060               1                       0
     61 C0000061              16                       0
     62 C0000062              16                       0
     63 C0000063               4                       0
     64 C0000064               4                       0
     65 C0000065              35                       0
     66 C0000066              35            -0.039053658
      0 X0000000               0               1.1693355
      1 X0000001               0                       0
      2 X0000002               0              0.07317194
      3 X0000003      0.63248023                       0
      4 X0000004   1.9526815e-08                       0
      5 X0000005               0              0.19665892
      6 X0000006      0.63005998                       0
      7 X0000007    1.192019e-06                       0
      8 X0000008             0.5                       0
      9 X0000009               1                       0
     10 X0000010   6.1796644e-09                       0
     11 X0000011               0              0.40457482
     12 X0000012               0              0.47039246
     13 X0000013               0               0.2725868
     14 X0000014               0              0.57358306
     15 X0000015               0              0.80165938
     16 X0000016               0              0.70712926
     17 X0000017               0              0.31706552
     18 X0000018      0.26157435                       0
     19 X0000019               0              0.47680063
     20 X0000020               0              0.85643097
     21 X0000021               0              0.89131413
     22 X0000022               0              0.56372711
     23 X0000023      0.20143921                       0
     24 X0000024              18                       0
     25 X0000025              34                       0
     26 X0000026              15                       0
     27 X0000027       8.1624012                       0
     28 X0000028               2                       0
     29 X0000029               3                       0
     30 X0000030        30.97114                       0
     31 X0000031       21.999974                       0
     32 X0000032              16            0.0013324834
     33 X0000033              14            -0.043777848
     34 X0000034              35                       0
     35 X0000035               4                       0
     36 X0000036              12                       0
     37 X0000037               5                       0
     38 X0000038              33                       0
     39 X0000039               3                       0
     40 X0000040               1                       0
     41 X0000041               4                       0
     42 X0000042       25.844898                       0
     43 X0000043               3                       0
     44 X0000044               1                       0
     45 X0000045              35                       0
     46 X0000046              22                       0
     47 X0000047       18.021588                       0
     48 X0000048           1e-06                       0
