Optimal - objective value 5.81724774
      0 C0000000             365               13.051532
      1 C0000001              -1                       1
      2 C0000002       2.0097727                       0
      3 C0000003               0                       0
      4 C0000004               1                       1
      5 C0000005              -1                       1
      6 C0000006       1.6439098                       0
      7 C0000007    -0.014320995                       0
      8 C0000008               1                       1
      9 C0000009              -1                       0
     10 C0000010               1               0.1577561
     11 C0000011              -1                       1
     12 C0000012               3                       0
     13 C0000013              -1              0.26302292
     14 C0000014               1              0.73697708
     15 C0000015              -1                       1
     16 C0000016               3                       0
     17 C0000017  -3.9932938e-14                       0
     18 C0000018               1                       1
     19 C0000019              -1                       1
     20 C0000020               3                       0
     21 C0000021              -1              0.55207595
     22 C0000022               1                       0
     23 C0000023       -0.004866                       0
     24 C0000024               1                       1
     25 C0000025               1              -4777.3015
     26 C0000026       -1.000413                       0
     27 C0000027      0.99958698                       0
     28 C0000028              -1              -17.779188
     29 C0000029      0.99958698                       0
     30 C0000030              -1               -10.36021
     31 C0000031    0.0002065076              -4805.4409
      0 X0000000      0.50488635                       0
      1 X0000001             0.5                       0
      2 X0000002      0.32195489                       0
      3 X0000003       0.4928395                       0
      4 X0000004               0               0.8422439
      5 X0000005               1                       0
      6 X0000006               0                       0
      7 X0000007               1                       0
      8 X0000008             0.5                       0
      9 X0000009               1                       0
     10 X0000010               0              0.44792405
     11 X0000011        0.497567                       0
     12 X0000012       12.039091                       0
     13 X0000013            12.5              0.55063006
     14 X0000014       77.995338                       0
     15 X0000015       32.458272                       0
     16 X0000016              55                       0
     17 X0000017              14           -0.0039224218
     18 X0000018              63                       0
     19 X0000019              24             -0.10777112
     20 X0000020             6.5              0.48571936
     21 X0000021              20             -0.71578241
     22 X0000022              46                       0
     23 X0000023        1.507299                       0
     24 X0000024    0.0002065076                       0
