Optimal - objective value 22.99999991
      0 C0000000             365              -17.798423
      1 C0000001              -1               4.2415337
      2 C0000002               1                       0
      3 C0000003              -1               7.5721721
      4 C0000004               1               29.964814
      5 C0000005              -1               8.9754521
      6 C0000006               1                       0
      7 C0000007              -1               37.536986
      8 C0000008       1.1102115                       0
      9 C0000009              -1               35.971935
     10 C0000010               1                       0
     11 C0000011              -1               36.045851
     12 C0000012               1               1.4911344
     13 C0000013              -1               11.597429
     14 C0000014               1                       0
     15 C0000015              -1               3.3098342
     16 C0000016               1                       0
     17 C0000017              -1               11.460301
     18 C0000018               1                       0
     19 C0000019              -1               17.952852
     20 C0000020               1                       0
     21 C0000021              -1                       0
     22 C0000022               1                11.41676
     23 C0000023              -1                4.526622
     24 C0000024               1                       0
     25 C0000025              -1                19.83046
     26 C0000026               1                       0
     27 C0000027              -1               19.609779
     28 C0000028               1                       0
     29 C0000029              -1               37.536986
     30 C0000030       2.1722007                       0
     31 C0000031              -1               37.536986
     32 C0000032       1.5086614                       0
     33 C0000033     -0.99995346                       0
     34 C0000034               1               37.536986
     35 C0000035              -1               13.406924
     36 C0000036               1                       0
     37 C0000037              -1                       0
     38 C0000038               1               12.285817
     39 C0000039              -1               22.507311
     40 C0000040               1                       0
     41 C0000041              -1               14.346066
     42 C0000042               1                       0
     43 C0000043              -1               9.9275531
     44 C0000044               1                       0
     45 C0000045              -1               15.537114
     46 C0000046               1                       0
     47 C0000047              -1               2.6709198
     48 C0000048               1                       0
     49 C0000049     -0.99999999                       0
     50 C0000050               1               37.536986
     51 C0000051              -1               13.512506
     52 C0000052               1                       0
     53 C0000053              -1               10.446187
     54 C0000054               1                       0
     55 C0000055              -1               12.413924
     56 C0000056               1                       0
     57 C0000057              -1               19.564206
     58 C0000058               1                       0
     59 C0000059              -1               16.887169
     60 C0000060               1                       0
     61 C0000061              -1               26.303901
     62 C0000062               1                       0
     63 C0000063              -1                       0
     64 C0000064               1               8.2678903
     65 C0000065              -1               16.985287
     66 C0000066               1                       0
     67 C0000067              -1                       0
     68 C0000068               1               13.355583
     69 C0000069              -1                17.23526
     70 C0000070               1                       0
     71 C0000071              -1                18.08449
     72 C0000072               1                       0
     73 C0000073              -1               20.820504
     74 C0000074               1                       0
     75 C0000075              -1               12.921848
     76 C0000076               1                       0
     77 C0000077              -1               14.291034
     78 C0000078               1               23.245952
     79 C0000079              -1                33.45126
     80 C0000080               1               4.0857258
     81 C0000081    -0.087542977                       0
     82 C0000082               1               37.536986
     83 C0000083              -1                       0
     84 C0000084               1               11.716451
     85 C0000085              -1                       0
     86 C0000086               1               8.2255849
     87 C0000087              -1               11.790981
     88 C0000088               1                       0
     89 C0000089              -1               13.246857
     90 C0000090               1               24.290129
     91 C0000091              -1               8.1369611
     92 C0000092               1                       0
     93 C0000093              -1               4.8521451
     94 C0000094               1                       0
     95 C0000095              -1               21.321222
     96 C0000096               1                       0
     97 C0000097        0.999998                       0
     98 C0000098              -1               -5587.884
     99 C0000099        0.999998                       0
    100 C0000100              -1              -932.20429
    101 C0000101        0.999998                       0
    102 C0000102              -1               -455.1044
    103 C0000103           1e-06              -6975.1927
    104 C0000104       1.3517885              -37.536986
    105 C0000105       17.999581                       0
    106 C0000106       17.999581            -0.089411637
    107 C0000107               1                       0
    108 C0000108               1                       0
    109 C0000109               8                       0
    110 C0000110               8                       0
    111 C0000111               3                       0
    112 C0000112               3                       0
    113 C0000113               2                       0
    114 C0000114               2                       0
    115 C0000115               9                       0
    116 C0000116               9                       0
    117 C0000117              23                       0
    118 C0000118              23                       0
    119 C0000119               2                       0
    120 C0000120               2                       0
    121 C0000121               1                       0
    122 C0000122               1                       0
    123 C0000123              13                       0
    124 C0000124              13                       0
    125 C0000125               1                       0
    126 C0000126               1                       0
    127 C0000127               1                       0
    128 C0000128               1                       0
    129 C0000129               4                       0
    130 C0000130               4                       0
    131 C0000131               6                       0
    132 C0000132               6                       0
    133 C0000133       6.3444014                       0
    134 C0000134       6.3444014                       0
    135 C0000135               1                       0
    136 C0000136               1                       0
    137 C0000137               1                       0
    138 C0000138               1                       0
    139 C0000139               5                       0
    140 C0000140               5                       0
    141 C0000141               3                       0
    142 C0000142               3                       0
    143 C0000143               7                       0
    144 C0000144               7                       0
    145 C0000145               2                       0
    146 C0000146               2                       0
    147 C0000147               8                       0
    148 C0000148               8                       0
    149 C0000149               3                       0
    150 C0000150               3                       0
    151 C0000151               9                       0
    152 C0000152               9                       0
    153 C0000153               4                       0
    154 C0000154               4                       0
    155 C0000155              16                       0
    156 C0000156              16                       0
    157 C0000157               1                       0
    158 C0000158               1                       0
    159 C0000159               4                       0
    160 C0000160               4                       0
    161 C0000161       30.103936                       0
    162 C0000162       30.103936                       0
    163 C0000163              10                       0
    164 C0000164              10                       0
    165 C0000165               5                       0
    166 C0000166               5                       0
    167 C0000167               6                       0
    168 C0000168               6                       0
    169 C0000169              20                       0
    170 C0000170              20                       0
      0 X0000000               0               33.295452
      1 X0000001               0                       0
      2 X0000002               0               28.561534
      3 X0000003     0.055105749                       0
      4 X0000004               0               1.5650504
      5 X0000005               0                       0
      6 X0000006               0               25.939556
      7 X0000007               0               34.227152
      8 X0000008               0               26.076685
      9 X0000009               0               19.584133
     10 X0000010               0               26.120226
     11 X0000011               0               33.010364
     12 X0000012               0               17.706526
     13 X0000013               0               17.927207
     14 X0000014      0.58610034                       0
     15 X0000015      0.25433068                       0
     16 X0000016   2.3267901e-05                       0
     17 X0000017               0               24.130061
     18 X0000018               0               25.251169
     19 X0000019               0               15.029674
     20 X0000020               0               23.190919
     21 X0000021               0               27.609433
     22 X0000022               0               21.999872
     23 X0000023               0               34.866066
     24 X0000024   3.8874013e-09                       0
     25 X0000025               0                24.02448
     26 X0000026               0               27.090798
     27 X0000027               0               25.123062
     28 X0000028               0                17.97278
     29 X0000029               0               20.649816
     30 X0000030               0               11.233084
     31 X0000031               0               29.269095
     32 X0000032               0               20.551698
     33 X0000033               0               24.181403
     34 X0000034               0               20.301726
     35 X0000035               0               19.452496
     36 X0000036               0               16.716482
     37 X0000037               0               24.615137
     38 X0000038               0                       0
     39 X0000039               0                       0
     40 X0000040      0.45622851                       0
     41 X0000041               0               25.820535
     42 X0000042               0               29.311401
     43 X0000043               0               25.746005
     44 X0000044               0                       0
     45 X0000045               0               29.400025
     46 X0000046               0               32.684841
     47 X0000047               0               16.215764
     48 X0000048               6                       0
     49 X0000049              19                       0
     50 X0000050               7                       0
     51 X0000051        4.220423                       0
     52 X0000052               4                       0
     53 X0000053               3                       0
     54 X0000054               1                       0
     55 X0000055               3                       0
     56 X0000056               2                       0
     57 X0000057               3                       0
     58 X0000058              15                       0
     59 X0000059               4                       0
     60 X0000060               1                       0
     61 X0000061               8                       0
     62 X0000062       6.3444014                       0
     63 X0000063       30.103936                       0
     64 X0000064       17.999581                       0
     65 X0000065               5                       0
     66 X0000066              16                       0
     67 X0000067               9                       0
     68 X0000068               2                       0
     69 X0000069               1                       0
     70 X0000070               2                       0
     71 X0000071               6                       0
     72 X0000072              23                       0
     73 X0000073               1                       0
     74 X0000074              10                       0
     75 X0000075               1                       0
     76 X0000076              14                       0
     77 X0000077               4                       0
     78 X0000078               3                       0
     79 X0000079              13                       0
     80 X0000080               1                       0
     81 X0000081              23                       0
     82 X0000082               4                       0
     83 X0000083               4                       0
     84 X0000084               6                       0
     85 X0000085               1                       0
     86 X0000086              20                       0
     87 X0000087               4                       0
     88 X0000088       10.331658                       0
     89 X0000089               9                       0
     90 X0000090               8                       0
     91 X0000091               2                       0
     92 X0000092              19                       0
     93 X0000093               3                       0
     94 X0000094               1                       0
     95 X0000095               5                       0
     96 X0000096           1e-06                       0
