Optimal - objective value 1.99999997
      0 C0000000             365              -1.6023939
      1 C0000001              -1              0.54235673
      2 C0000002               1                       0
      3 C0000003              -1              0.53295454
      4 C0000004               1                       0
      5 C0000005              -1               1.6874023
      6 C0000006       1.8816944                       0
      7 C0000007              -1               1.4911937
      8 C0000008               1              0.19620866
      9 C0000009              -1              0.33652446
     10 C0000010               1                       0
     11 C0000011              -1              0.33360076
     12 C0000012               1                       0
     13 C0000013              -1               1.1976788
     14 C0000014               1              0.48972356
     15 C0000015              -1               1.6874023
     16 C0000016       2.1229181                       0
     17 C0000017              -1              0.49598356
     18 C0000018               1                       0
     19 C0000019              -1              0.34646547
     20 C0000020               1                       0
     21 C0000021              -1                       0
     22 C0000022               1             0.064911301
     23 C0000023   9.9805895e-14                       0
     24 C0000024               1               1.6874023
     25 C0000025              -1              0.29247323
     26 C0000026               1                       0
     27 C0000027              -1              0.28752077
     28 C0000028               1                       0
     29 C0000029              -1              0.89151578
     30 C0000030               1                       0
     31 C0000031              -1               0.1779173
     32 C0000032               1                       0
     33 C0000033              -1               1.1272317
     34 C0000034               1                       0
     35 C0000035              -1              0.37228949
     36 C0000036               1                       0
     37 C0000037              -1              0.86576734
     38 C0000038               1                       0
     39 C0000039     -0.99999997                       0
     40 C0000040               1               1.6874023
     41 C0000041              -1              0.43529789
     42 C0000042               1                       0
     43 C0000043              -1               1.5896701
     44 C0000044               1                       0
     45 C0000045              -1              0.41586013
     46 C0000046               1                       0
     47 C0000047              -1              0.81929024
     48 C0000048               1                       0
     49 C0000049              -1              0.38039301
     50 C0000050               1                       0
     51 C0000051              -1               0.2170752
     52 C0000052               1                       0
     53 C0000053     -0.78963873                       0
     54 C0000054               1               1.6874023
     55 C0000055              -1              0.17358404
     56 C0000056               1                       0
     57 C0000057              -1              0.14424683
     58 C0000058               1                       0
     59 C0000059              -1             0.037059721
     60 C0000060               1                       0
     61 C0000061              -1              0.16342224
     62 C0000062               1                       0
     63 C0000063              -1              0.05079931
     64 C0000064               1                       0
     65 C0000065              -1              0.18403033
     66 C0000066               1                       0
     67 C0000067              -1                       0
     68 C0000068               1               0.1155263
     69 C0000069              -1              0.28774971
     70 C0000070               1                       0
     71 C0000071              -1              0.25490179
     72 C0000072               1                       0
     73 C0000073              -1               1.6874023
     74 C0000074       1.2107407                       0
     75 C0000075              -1              0.76048596
     76 C0000076               1                       0
     77 C0000077              -1              0.13759994
     78 C0000078               1                       0
     79 C0000079              -1                       0
     80 C0000080               1               1.6394898
     81 C0000081              -1             0.079605332
     82 C0000082               1                       0
     83 C0000083              -1              0.11785541
     84 C0000084               1                       0
     85 C0000085              -1              0.37355251
     86 C0000086               1                       0
     87 C0000087              -1               1.6874023
     88 C0000088       1.0000005                       0
     89 C0000089     -0.99999854                       0
     90 C0000090               1               1.6874023
     91 C0000091              -1              0.20339894
     92 C0000092               1                       0
     93 C0000093              -1              0.08477502
     94 C0000094               1                       0
     95 C0000095              -1             0.031287025
     96 C0000096               1                       0
     97 C0000097        0.999998                       0
     98 C0000098              -1               -607.6334
     99 C0000099        0.999998                       0
    100 C0000100              -1              -13.296399
    101 C0000101               1               -14.29797
    102 C0000102       -1.000002                       0
    103 C0000103           1e-06              -635.22777
    104 C0000104       1.7128582              -1.6874023
    105 C0000105        13.99999                       0
    106 C0000106        13.99999             -0.17453548
    107 C0000107       28.106263                       0
    108 C0000108       28.106263            -0.029863343
    109 C0000109               3                       0
    110 C0000110               3                       0
    111 C0000111               1                       0
    112 C0000112               1                       0
      0 X0000000               0               1.1450456
      1 X0000001               0               1.1544478
      2 X0000002      0.44084721                       0
      3 X0000003               0                       0
      4 X0000004               0               1.3508779
      5 X0000005               0               1.3538016
      6 X0000006               0                       0
      7 X0000007      0.56145904                       0
      8 X0000008               0               1.1914188
      9 X0000009               0               1.3409369
     10 X0000010               0                1.622491
     11 X0000011             0.5                       0
     12 X0000012               0               1.3949291
     13 X0000013               0               1.3998816
     14 X0000014               0              0.79588656
     15 X0000015               0                1.509485
     16 X0000016               0              0.56017068
     17 X0000017               0               1.3151129
     18 X0000018               0              0.82163501
     19 X0000019   1.4931717e-08                       0
     20 X0000020               0               1.2521045
     21 X0000021               0             0.097732235
     22 X0000022               0               1.2715422
     23 X0000023               0               0.8681121
     24 X0000024               0               1.3070093
     25 X0000025               0               1.4703271
     26 X0000026      0.10518064                       0
     27 X0000027               0               1.5138183
     28 X0000028               0               1.5431555
     29 X0000029               0               1.6503426
     30 X0000030               0               1.5239801
     31 X0000031               0                1.636603
     32 X0000032               0                1.503372
     33 X0000033               0                1.571876
     34 X0000034               0               1.3996526
     35 X0000035               0               1.4325005
     36 X0000036      0.10537034                       0
     37 X0000037               0              0.92691638
     38 X0000038               0               1.5498024
     39 X0000039               0             0.047912556
     40 X0000040               0                1.607797
     41 X0000041               0               1.5695469
     42 X0000042               0               1.3138498
     43 X0000043   2.6000268e-07                       0
     44 X0000044   7.3176502e-07                       0
     45 X0000045               0               1.4840034
     46 X0000046               0               1.6026273
     47 X0000047               0               1.6561153
     48 X0000048              19                       0
     49 X0000049               5                       0
     50 X0000050       18.731014                       0
     51 X0000051              13                       0
     52 X0000052               1                       0
     53 X0000053               2                       0
     54 X0000054               5                       0
     55 X0000055       28.106263                       0
     56 X0000056               2                       0
     57 X0000057               2                       0
     58 X0000058               9                       0
     59 X0000059              15            0.0095496153
     60 X0000060               1                       0
     61 X0000061               1                       0
     62 X0000062              12                       0
     63 X0000063              16                       0
     64 X0000064              22                       0
     65 X0000065               1                       0
     66 X0000066               3                       0
     67 X0000067               2                       0
     68 X0000068              20                       0
     69 X0000069              12                       0
     70 X0000070               3                       0
     71 X0000071               3                       0
     72 X0000072               6                       0
     73 X0000073               1                       0
     74 X0000074       26.844581                       0
     75 X0000075               1                       0
     76 X0000076               8                       0
     77 X0000077               2                       0
     78 X0000078               1                       0
     79 X0000079               1                       0
     80 X0000080               1                       0
     81 X0000081               4                       0
     82 X0000082               1                       0
     83 X0000083               2                       0
     84 X0000084       24.318147                       0
     85 X0000085               4                       0
     86 X0000086               2                       0
     87 X0000087              20                       0
     88 X0000088               1                       0
     89 X0000089               1                       0
     90 X0000090               1                       0
     91 X0000091       21.000005                       0
     92 X0000092        13.99999                       0
     93 X0000093               1                       0
     94 X0000094               1                       0
     95 X0000095               4                       0
     96 X0000096           1e-06                       0
