Optimal - objective value 0.34848505
      0 C0000000               1              -54.039316
      1 C0000001       -1.000002                       0
      2 C0000002        0.999998                       0
      3 C0000003              -1              -1.6111382
      4 C0000004        0.999998                       0
      5 C0000005              -1                -0.57782
      6 C0000006        0.999998                       0
      7 C0000007              -1              -4.9186749
      8 C0000008             365              0.12970199
      9 C0000009     -0.86845509                       0
     10 C0000010       1.5654252                       0
     11 C0000011              -1             0.020416077
     12 C0000012       1.6969701                       0
     13 C0000013     -0.30302989                       0
     14 C0000014               1            0.0094001149
     15 C0000015     -0.30302989                       0
     16 C0000016               1             0.036886305
     17 C0000017     -0.30302989                       0
     18 C0000018               1             0.018724382
     19 C0000019              -1            0.0011883771
     20 C0000020       1.6969701                       0
     21 C0000021     -0.30302989                       0
     22 C0000022               1             0.024253173
     23 C0000023              -1             0.015603018
     24 C0000024       1.6969701                       0
     25 C0000025              -1            0.0097356345
     26 C0000026       1.6969701                       0
     27 C0000027     -0.34433036                       0
     28 C0000028       1.0413005                       0
     29 C0000029              -1             0.020113851
     30 C0000030       1.6969701                       0
     31 C0000031              -1             0.018257227
     32 C0000032       1.6969701                       0
     33 C0000033              -1             0.071803226
     34 C0000034       1.6969701                       0
     35 C0000035              -1             0.070242271
     36 C0000036       1.6969701                       0
     37 C0000037              -1             0.029935421
     38 C0000038       1.6969701                       0
     39 C0000039              -1            0.0076045734
     40 C0000040       1.6969701                       0
     41 C0000041              -1            0.0090114909
     42 C0000042       1.6969701                       0
     43 C0000043     -0.30302989                       0
     44 C0000044               1             0.019178298
     45 C0000045              -1             0.020600634
     46 C0000046       1.6969701                       0
     47 C0000047              -1             0.026982576
     48 C0000048       1.6969701                       0
     49 C0000049              -1             0.016416996
     50 C0000050       1.6969701                       0
     51 C0000051     -0.30302989                       0
     52 C0000052               1             0.022739879
     53 C0000053     -0.30302989                       0
     54 C0000054               1             0.052443325
     55 C0000055     -0.30302989                       0
     56 C0000056               1             0.018838749
     57 C0000057     -0.30302989                       0
     58 C0000058               1             0.023462528
     59 C0000059              -1             0.027435718
     60 C0000060       1.6969701                       0
     61 C0000061              -1            0.0005742905
     62 C0000062       1.6969701                       0
     63 C0000063     -0.30302989                       0
     64 C0000064               1           0.00023735788
     65 C0000065     -0.30302989                       0
     66 C0000066               1             0.080716981
     67 C0000067     -0.30302989                       0
     68 C0000068               1           0.00075222092
     69 C0000069     -0.30302989                       0
     70 C0000070               1             0.038058332
     71 C0000071              -1            0.0087087278
     72 C0000072       1.6969701                       0
     73 C0000073              -1             0.012128573
     74 C0000074       1.6969701                       0
     75 C0000075              -1             0.011220194
     76 C0000076       1.6969701                       0
     77 C0000077     -0.30302989                       0
     78 C0000078               1             0.042347837
     79 C0000079              -1            0.0098120147
     80 C0000080       1.6969701                       0
     81 C0000081              -1             0.015256262
     82 C0000082       1.6969701                       0
     83 C0000083              -1              0.01427492
     84 C0000084       1.6969701                       0
     85 C0000085              -1             0.081116622
     86 C0000086       1.6969701                       0
     87 C0000087     -0.63627343                       0
     88 C0000088       1.3332435                       0
     89 C0000089     -0.30302989                       0
     90 C0000090               1             0.020917198
     91 C0000091     -0.60977645                       0
     92 C0000092       1.3067466                       0
     93 C0000093     -0.30302989                       0
     94 C0000094               1            0.0048241158
     95 C0000095     -0.30302989                       0
     96 C0000096               1            0.0047765237
     97 C0000097     -0.30302989                       0
     98 C0000098               1             0.050943567
     99 C0000099              -1           0.00048946043
    100 C0000100       1.6969701                       0
    101 C0000101              -1             0.011236371
    102 C0000102       1.6969701                       0
    103 C0000103              -1           0.00033458676
    104 C0000104       1.6969701                       0
    105 C0000105           1e-06              -61.146949
      0 X0000000       3.6508204                       0
      1 X0000001       13.484851                       0
      2 X0000002       7.8181793                       0
      3 X0000003       13.030299                       0
      4 X0000004       1.9545448                       0
      5 X0000005       5.3939402                       0
      6 X0000006       9.7727242                       0
      7 X0000007       2.6969701                       0
      8 X0000008       2.6969701                       0
      9 X0000009       13.856308                       0
     10 X0000010       1.3484851                       0
     11 X0000011       6.7424253                       0
     12 X0000012       24.272731                       0
     13 X0000013       29.666671                       0
     14 X0000014       5.3939402                       0
     15 X0000015       1.3484851                       0
     16 X0000016       5.3939402                       0
     17 X0000017       7.8181793                       0
     18 X0000018        10.78788                       0
     19 X0000019       24.272731                       0
     20 X0000020       1.3484851                       0
     21 X0000021       1.3030299                       0
     22 X0000022       5.2121196                       0
     23 X0000023       1.9545448                       0
     24 X0000024       1.9545448                       0
     25 X0000025       5.3939402                       0
     26 X0000026       2.6969701                       0
     27 X0000027       3.2575747                       0
     28 X0000028       7.8181793                       0
     29 X0000029      0.65151495                       0
     30 X0000030       10.424239                       0
     31 X0000031       6.7424253                       0
     32 X0000032       5.3939402                       0
     33 X0000033       21.575761                       0
     34 X0000034       6.5151495                       0
     35 X0000035       1.3484851                       0
     36 X0000036       1.3484851                       0
     37 X0000037       1.3484851                       0
     38 X0000038       25.621216                       0
     39 X0000039       21.664687                       0
     40 X0000040       2.6060598                       0
     41 X0000041       18.206969                       0
     42 X0000042      0.65151495                       0
     43 X0000043      0.65151495                       0
     44 X0000044       8.4696943                       0
     45 X0000045       1.3484851                       0
     46 X0000046       5.3939402                       0
     47 X0000047       2.6969701                       0
     48 X0000048      0.34848505                       0
     49 X0000049           1e-06                       0
