Optimal - objective value 7.99999999
      0 C0000000             365              -3.3438122
      1 C0000001              -1               3.6675938
      2 C0000002               1                       0
      3 C0000003              -1               2.1888256
      4 C0000004               1               2.2065559
      5 C0000005     -0.99999842                       0
      6 C0000006               1               4.3953815
      7 C0000007              -1                       0
      8 C0000008               1               2.7725042
      9 C0000009              -1               4.3953815
     10 C0000010       1.7291676                       0
     11 C0000011              -1               4.0027423
     12 C0000012               1                       0
     13 C0000013              -1               1.9608134
     14 C0000014               1                       0
     15 C0000015              -1               2.7290731
     16 C0000016               1                       0
     17 C0000017              -1               1.4396203
     18 C0000018               1                       0
     19 C0000019     -0.99999978                       0
     20 C0000020               1               4.3953815
     21 C0000021              -1               3.0658942
     22 C0000022               1                       0
     23 C0000023              -1               2.2257095
     24 C0000024               1                       0
     25 C0000025  -1.6497053e-06                       0
     26 C0000026               1               4.3953815
     27 C0000027     -0.35544446                       0
     28 C0000028               1               4.3953815
     29 C0000029              -1               4.3953815
     30 C0000030               3                       0
     31 C0000031              -1               1.9238498
     32 C0000032               1                       0
     33 C0000033              -1               4.2615454
     34 C0000034               1               0.1338361
     35 C0000035              -1                       0
     36 C0000036               1               1.6179052
     37 C0000037              -1               3.8204969
     38 C0000038               1              0.57488451
     39 C0000039              -1               0.7047484
     40 C0000040               1                       0
     41 C0000041              -1               1.8184286
     42 C0000042               1                       0
     43 C0000043              -1               1.9190962
     44 C0000044               1                       0
     45 C0000045              -1                       0
     46 C0000046               1               4.3953815
     47 C0000047              -1               3.1159416
     48 C0000048               1                       0
     49 C0000049              -1               4.3953815
     50 C0000050       1.5572968                       0
     51 C0000051              -1               2.6813454
     52 C0000052               1                       0
     53 C0000053              -1               4.2957954
     54 C0000054               1                       0
     55 C0000055              -1                       0
     56 C0000056               1              0.43514006
     57 C0000057              -1               1.0050734
     58 C0000058               1                       0
     59 C0000059              -1                1.828909
     60 C0000060               1                       0
     61 C0000061              -1               1.9347911
     62 C0000062               1                       0
     63 C0000063              -1               3.2379318
     64 C0000064               1                       0
     65 C0000065              -1               2.0617613
     66 C0000066               1                       0
     67 C0000067              -1                       0
     68 C0000068               1               1.8377209
     69 C0000069              -1               3.5376047
     70 C0000070               1              0.85777672
     71 C0000071              -1              0.74855457
     72 C0000072               1                       0
     73 C0000073              -1               1.7566898
     74 C0000074               1                       0
     75 C0000075              -1               1.4933213
     76 C0000076               1                       0
     77 C0000077              -1                       0
     78 C0000078               1                3.650476
     79 C0000079              -1               2.7584258
     80 C0000080               1                       0
     81 C0000081              -1               1.1210237
     82 C0000082               1                       0
     83 C0000083              -1               4.3953815
     84 C0000084        2.069517                       0
     85 C0000085              -1               1.6300021
     86 C0000086               1                       0
     87 C0000087              -1               1.6727225
     88 C0000088               1                       0
     89 C0000089              -1               3.5667209
     90 C0000090               1                       0
     91 C0000091              -1               1.0245443
     92 C0000092               1                       0
     93 C0000093              -1               1.1465033
     94 C0000094               1                       0
     95 C0000095              -1               2.1660668
     96 C0000096               1                       0
     97 C0000097        0.999998                       0
     98 C0000098              -1              -1157.3894
     99 C0000099        0.999998                       0
    100 C0000100              -1              -136.11246
    101 C0000101        0.999998                       0
    102 C0000102              -1               -17.54998
    103 C0000103           1e-06              -1311.0518
    104 C0000104       3.0002685              -4.3953815
    105 C0000105       11.999991                       0
    106 C0000106       11.999991             -0.41296264
    107 C0000107       19.999998                       0
    108 C0000108       19.999998             -0.12847707
    109 C0000109       4.0937514                       0
    110 C0000110       4.0937514             -0.01285735
    111 C0000111               1                       0
    112 C0000112               1                       0
    113 C0000113              19                       0
    114 C0000114              19                       0
    115 C0000115               4                       0
    116 C0000116               4                       0
    117 C0000117               3                       0
    118 C0000118               3                       0
    119 C0000119              20                       0
    120 C0000120              20                       0
    121 C0000121               1                       0
    122 C0000122               1                       0
    123 C0000123               1                       0
    124 C0000124               1                       0
    125 C0000125              18                       0
    126 C0000126              18                       0
    127 C0000127               1                       0
    128 C0000128               1                       0
    129 C0000129               2                       0
    130 C0000130               2                       0
      0 X0000000               0              0.72778769
      1 X0000001               0                       0
      2 X0000002   7.8774837e-07                       0
      3 X0000003               0               1.6228773
      4 X0000004      0.36458381                       0
      5 X0000005               0              0.39263914
      6 X0000006               0                2.434568
      7 X0000007               0               1.6663084
      8 X0000008               0               2.9557612
      9 X0000009    1.099155e-07                       0
     10 X0000010               0               1.3294873
     11 X0000011               0               2.1696719
     12 X0000012      0.49999918                       0
     13 X0000013      0.32227777                       0
     14 X0000014               1                       0
     15 X0000015               0               2.4715317
     16 X0000016               0                       0
     17 X0000017               0               2.7774763
     18 X0000018               0                       0
     19 X0000019               0               3.6906331
     20 X0000020               0               2.5769529
     21 X0000021               0               2.4762853
     22 X0000022   1.6071397e-09                       0
     23 X0000023               0               1.2794399
     24 X0000024      0.27864842                       0
     25 X0000025               0               1.7140361
     26 X0000026               0             0.099586025
     27 X0000027               0               3.9602414
     28 X0000028               0                3.390308
     29 X0000029               0               2.5664725
     30 X0000030               0               2.4605903
     31 X0000031               0               1.1574497
     32 X0000032               0               2.3336201
     33 X0000033               0               2.5576606
     34 X0000034               0                       0
     35 X0000035               0               3.6468269
     36 X0000036               0               2.6386917
     37 X0000037               0               2.9020602
     38 X0000038               0              0.74490548
     39 X0000039               0               1.6369556
     40 X0000040               0               3.2743577
     41 X0000041      0.53475848                       0
     42 X0000042               0               2.7653793
     43 X0000043               0                2.722659
     44 X0000044               0              0.82866053
     45 X0000045               0               3.3708371
     46 X0000046               0               3.2488782
     47 X0000047               0               2.2293147
     48 X0000048               3                       0
     49 X0000049              10                       0
     50 X0000050       11.999991                       0
     51 X0000051              20                       0
     52 X0000052       4.0937514                       0
     53 X0000053               4                       0
     54 X0000054              15                       0
     55 X0000055               2                       0
     56 X0000056               2                       0
     57 X0000057       19.999998                       0
     58 X0000058               1                       0
     59 X0000059               5                       0
     60 X0000060       9.0000148                       0
     61 X0000061       14.909889                       0
     62 X0000062               8             -0.22050262
     63 X0000063               1                       0
     64 X0000064               4                       0
     65 X0000065              12                       0
     66 X0000066               8                       0
     67 X0000067              18                       0
     68 X0000068               1                       0
     69 X0000069               2                       0
     70 X0000070               8                       0
     71 X0000071               3                       0
     72 X0000072       3.8359453                       0
     73 X0000073               4                       0
     74 X0000074               2                       0
     75 X0000075               5                       0
     76 X0000076              12                       0
     77 X0000077               1                       0
     78 X0000078              16                       0
     79 X0000079               5                       0
     80 X0000080               4                       0
     81 X0000081              16                       0
     82 X0000082              10                       0
     83 X0000083               1                       0
     84 X0000084               1                       0
     85 X0000085               1                       0
     86 X0000086              19                       0
     87 X0000087              22                       0
     88 X0000088               4                       0
     89 X0000089       29.160411                       0
     90 X0000090               1                       0
     91 X0000091               1                       0
     92 X0000092              13                       0
     93 X0000093               1                       0
     94 X0000094               4                       0
     95 X0000095               2                       0
     96 X0000096           1e-06                       0
