Optimal - objective value 54.99999927
      0 C0000000             365               449.30419
      1 C0000001              -1               36.304735
      2 C0000002       2.0097714                       0
      3 C0000003               0                       0
      4 C0000004               1               36.304735
      5 C0000005              -1               36.304735
      6 C0000006       1.6439102                       0
      7 C0000007     -0.01431947                       0
      8 C0000008               1               36.304735
      9 C0000009     -0.99999997                       0
     10 C0000010               1               36.304735
     11 C0000011              -1               36.304735
     12 C0000012               3                       0
     13 C0000013              -1               36.304735
     14 C0000014       1.0000013                       0
     15 C0000015              -1               36.304735
     16 C0000016               3                       0
     17 C0000017               0                       0
     18 C0000018               1               36.304735
     19 C0000019              -1               36.304735
     20 C0000020               3                       0
     21 C0000021              -1               30.716572
     22 C0000022               1                       0
     23 C0000023       -0.004866                       0
     24 C0000024               1               36.304735
     25 C0000025               1              -164035.77
     26 C0000026       -1.000413                       0
     27 C0000027      0.99958698                       0
     28 C0000028              -1              -538.96443
     29 C0000029      0.99958698                       0
     30 C0000030              -1              -118.01565
     31 C0000031    0.0002065076              -164692.75
     32 C0000032       5.8172487              -36.304735
     33 C0000033       12.039086                       0
     34 C0000034       12.039086                       0
     35 C0000035       32.458223                       0
     36 C0000036       32.458223             -0.72909539
     37 C0000037              20                       0
     38 C0000038              20                       0
     39 C0000039              14                       0
     40 C0000040              14                       0
     41 C0000041             6.5                       0
     42 C0000042             6.5                       0
      0 X0000000      0.50488569                       0
      1 X0000001             0.5                       0
      2 X0000002       0.3219551                       0
      3 X0000003      0.49284027                       0
      4 X0000004   1.3256472e-08                       0
      5 X0000005               1                       0
      6 X0000006   6.7087167e-07                       0
      7 X0000007               1                       0
      8 X0000008             0.5                       0
      9 X0000009               1                       0
     10 X0000010               0               5.5881625
     11 X0000011        0.497567                       0
     12 X0000012       12.039086                       0
     13 X0000013            12.5               18.475103
     14 X0000014       77.995351                       0
     15 X0000015       32.458223                       0
     16 X0000016       54.999999                       0
     17 X0000017              14             -0.18685043
     18 X0000018       63.000042                       0
     19 X0000019              24              -2.9461924
     20 X0000020             6.5               16.615098
     21 X0000021              20              -24.598069
     22 X0000022              46                       0
     23 X0000023        1.507299                       0
     24 X0000024    0.0002065076                       0
