Optimal - objective value 1.00000000
      0 C0000000             365              -0.8615476
      1 C0000001              -1              0.30098336
      2 C0000002               1                       0
      3 C0000003              -1               0.2831658
      4 C0000004               1                       0
      5 C0000005              -1              0.89155242
      6 C0000006       1.8816961                       0
      7 C0000007              -1              0.79967623
      8 C0000008               1             0.091876192
      9 C0000009              -1               0.1781366
     10 C0000010               1                       0
     11 C0000011              -1               0.1757991
     12 C0000012               1                       0
     13 C0000013              -1              0.62881807
     14 C0000014               1              0.26273435
     15 C0000015              -1              0.89155242
     16 C0000016       2.1229181                       0
     17 C0000017              -1              0.26619997
     18 C0000018               1                       0
     19 C0000019              -1              0.18189661
     20 C0000020               1                       0
     21 C0000021              -1                       0
     22 C0000022               1             0.045074544
     23 C0000023   9.9805895e-14                       0
     24 C0000024               1              0.89155242
     25 C0000025              -1              0.15472265
     26 C0000026               1                       0
     27 C0000027              -1              0.15266388
     28 C0000028               1                       0
     29 C0000029              -1              0.48093153
     30 C0000030               1                       0
     31 C0000031              -1             0.097671362
     32 C0000032               1                       0
     33 C0000033              -1              0.76202909
     34 C0000034               1              0.12952333
     35 C0000035              -1              0.19551126
     36 C0000036               1                       0
     37 C0000037              -1              0.46189138
     38 C0000038               1                       0
     39 C0000039              -1              0.16619499
     40 C0000040               1                       0
     41 C0000041              -1              0.56316076
     42 C0000042               1              0.32839166
     43 C0000043              -1              0.86869911
     44 C0000044               1                       0
     45 C0000045              -1               0.2169655
     46 C0000046               1                       0
     47 C0000047              -1              0.43646679
     48 C0000048               1                       0
     49 C0000049              -1              0.19881119
     50 C0000050               1                       0
     51 C0000051              -1              0.11309855
     52 C0000052               1                       0
     53 C0000053     -0.78963992                       0
     54 C0000054               1              0.89155242
     55 C0000055              -1             0.092767767
     56 C0000056               1                       0
     57 C0000057              -1             0.080488067
     58 C0000058               1                       0
     59 C0000059              -1             0.021195371
     60 C0000060               1                       0
     61 C0000061              -1             0.084781377
     62 C0000062               1                       0
     63 C0000063              -1             0.026089322
     64 C0000064               1                       0
     65 C0000065              -1             0.096402781
     66 C0000066               1                       0
     67 C0000067              -1                       0
     68 C0000068               1             0.069513721
     69 C0000069              -1              0.15299709
     70 C0000070               1                       0
     71 C0000071              -1              0.13227117
     72 C0000072               1                       0
     73 C0000073              -1              0.89155242
     74 C0000074       1.2107395                       0
     75 C0000075              -1              0.40672961
     76 C0000076               1                       0
     77 C0000077              -1              0.07250782
     78 C0000078               1                       0
     79 C0000079     -0.99999884                       0
     80 C0000080               1              0.89155242
     81 C0000081              -1             0.041443611
     82 C0000082               1                       0
     83 C0000083              -1             0.059239893
     84 C0000084               1                       0
     85 C0000085              -1              0.19681892
     86 C0000086               1                       0
     87 C0000087              -1              0.89155242
     88 C0000088       1.0000001                       0
     89 C0000089     -0.99999854                       0
     90 C0000090               1              0.89155242
     91 C0000091              -1                       0
     92 C0000092               1              0.89155242
     93 C0000093              -1             0.043698113
     94 C0000094               1                       0
     95 C0000095              -1              0.01167326
     96 C0000096               1                       0
     97 C0000097        0.999998                       0
     98 C0000098              -1              -327.42981
     99 C0000099        0.999998                       0
    100 C0000100              -1              -6.8774036
    101 C0000101               1              -8.1767743
    102 C0000102       -1.000002                       0
    103 C0000103           1e-06              -342.48399
    104 C0000104       1.7128582             -0.89155242
    105 C0000105        13.99999                       0
    106 C0000106        13.99999            -0.094303913
    107 C0000107       28.106263                       0
    108 C0000108       28.106263            -0.017544862
    109 C0000109               3                       0
    110 C0000110               3                       0
    111 C0000111               1                       0
    112 C0000112               1                       0
    113 C0000113               2                       0
    114 C0000114               2                       0
    115 C0000115               2                       0
    116 C0000116               2                       0
    117 C0000117              12                       0
    118 C0000118              12                       0
    119 C0000119               1                       0
    120 C0000120               1                       0
    121 C0000121               1                       0
    122 C0000122               1                       0
    123 C0000123               2                       0
    124 C0000124               2                       0
    125 C0000125               1                       0
    126 C0000126               1                       0
    127 C0000127               8                       0
    128 C0000128               8                       0
    129 C0000129       24.318135                       0
    130 C0000130       24.318135           -0.0011440428
    131 C0000131              16                       0
    132 C0000132              16                       0
    133 C0000133               1                       0
    134 C0000134               1                       0
    135 C0000135               1                       0
    136 C0000136               1                       0
    137 C0000137               2                       0
    138 C0000138               2                       0
    139 C0000139               6                       0
    140 C0000140               6                       0
    141 C0000141               5                       0
    142 C0000142               5                       0
    143 C0000143               4                       0
    144 C0000144               4                       0
    145 C0000145              15                       0
    146 C0000146              15                       0
    147 C0000147              13                       0
    148 C0000148              13                       0
    149 C0000149               2                       0
    150 C0000150               2                       0
    151 C0000151               1                       0
    152 C0000152               1                       0
    153 C0000153               1                       0
    154 C0000154               1                       0
    155 C0000155               3                       0
    156 C0000156               3                       0
    157 C0000157              19                       0
    158 C0000158              19                       0
    159 C0000159       18.731024                       0
    160 C0000160       18.731024                       0
    161 C0000161               1                       0
    162 C0000162               1                       0
      0 X0000000               0              0.59056906
      1 X0000001               0              0.60838662
      2 X0000002      0.44084803                       0
      3 X0000003               0                       0
      4 X0000004               0              0.71341582
      5 X0000005               0              0.71575332
      6 X0000006               0                       0
      7 X0000007      0.56145904                       0
      8 X0000008               0              0.62535245
      9 X0000009               0              0.70965581
     10 X0000010               0              0.84647788
     11 X0000011             0.5                       0
     12 X0000012               0              0.73682977
     13 X0000013               0              0.73888854
     14 X0000014               0              0.41062089
     15 X0000015               0              0.79388106
     16 X0000016               0                       0
     17 X0000017               0              0.69604116
     18 X0000018               0              0.42966103
     19 X0000019               0              0.72535743
     20 X0000020               0                       0
     21 X0000021               0             0.022853305
     22 X0000022               0              0.67458692
     23 X0000023               0              0.45508563
     24 X0000024               0              0.69274123
     25 X0000025               0              0.77845387
     26 X0000026      0.10518004                       0
     27 X0000027               0              0.79878465
     28 X0000028               0              0.81106435
     29 X0000029               0              0.87035705
     30 X0000030               0              0.80677104
     31 X0000031               0               0.8654631
     32 X0000032               0              0.79514964
     33 X0000033               0               0.8220387
     34 X0000034               0              0.73855533
     35 X0000035               0              0.75928125
     36 X0000036      0.10536976                       0
     37 X0000037               0              0.48482281
     38 X0000038               0               0.8190446
     39 X0000039   5.7814013e-07                       0
     40 X0000040               0              0.85010881
     41 X0000041               0              0.83231253
     42 X0000042               0               0.6947335
     43 X0000043   5.7514919e-08                       0
     44 X0000044   7.3176502e-07                       0
     45 X0000045   1.1440184e-09                       0
     46 X0000046               0              0.84785431
     47 X0000047               0              0.87987916
     48 X0000048              19                       0
     49 X0000049               5                       0
     50 X0000050       18.731024                       0
     51 X0000051              13                       0
     52 X0000052               1                       0
     53 X0000053               2                       0
     54 X0000054               5                       0
     55 X0000055       28.106263                       0
     56 X0000056               2                       0
     57 X0000057               2                       0
     58 X0000058               9                       0
     59 X0000059              15             0.005800601
     60 X0000060               1                       0
     61 X0000061               1                       0
     62 X0000062              12                       0
     63 X0000063              16                       0
     64 X0000064              22                       0
     65 X0000065               1                       0
     66 X0000066               3                       0
     67 X0000067               2                       0
     68 X0000068              20                       0
     69 X0000069              12                       0
     70 X0000070               3                       0
     71 X0000071               3                       0
     72 X0000072               6                       0
     73 X0000073               1                       0
     74 X0000074       26.844599                       0
     75 X0000075               1                       0
     76 X0000076               8                       0
     77 X0000077               2                       0
     78 X0000078               1                       0
     79 X0000079               1                       0
     80 X0000080               1                       0
     81 X0000081               4                       0
     82 X0000082               1                       0
     83 X0000083               2                       0
     84 X0000084       24.318135                       0
     85 X0000085               4                       0
     86 X0000086               2                       0
     87 X0000087       19.999988                       0
     88 X0000088               1                       0
     89 X0000089               1                       0
     90 X0000090               1                       0
     91 X0000091       21.000001                       0
     92 X0000092        13.99999                       0
     93 X0000093               1                       0
     94 X0000094               1                       0
     95 X0000095               4                       0
     96 X0000096           1e-06                       0
