Optimal - objective value 2.90509993
      0 C0000000             365               1.1939937
      1 C0000001              -1              0.67205882
      2 C0000002               1                       0
      3 C0000003              -1                       0
      4 C0000004               1              0.38589087
      5 C0000005              -1              0.40903568
      6 C0000006               1                       0
      7 C0000007              -1                       0
      8 C0000008               1              0.11143048
      9 C0000009              -1              0.85775915
     10 C0000010               1              0.14224085
     11 C0000011              -1              0.81117779
     12 C0000012               1                       0
     13 C0000013      -0.6004866                       0
     14 C0000014               1                       1
     15 C0000015              -1              0.50532671
     16 C0000016               1                       0
     17 C0000017              -1              0.07198948
     18 C0000018               1                       0
     19 C0000019              -1                       0
     20 C0000020               1            0.0057881692
     21 C0000021              -1                0.599576
     22 C0000022               1                       0
     23 C0000023              -1              0.84574168
     24 C0000024               1                       0
     25 C0000025              -1              0.58560416
     26 C0000026               1              0.41439584
     27 C0000027              -1                       1
     28 C0000028       2.2009058                       0
     29 C0000029              -1              0.91341349
     30 C0000030               1             0.086586509
     31 C0000031              -1              0.34622024
     32 C0000032               1                       0
     33 C0000033              -1                       1
     34 C0000034       1.2763678                       0
     35 C0000035              -1              0.13055073
     36 C0000036               1                       0
     37 C0000037              -1                       1
     38 C0000038       2.9334129                       0
     39 C0000039  -8.0089274e-14                       0
     40 C0000040               1                       1
     41 C0000041              -1              0.45824221
     42 C0000042               1                       0
     43 C0000043              -1              0.18098196
     44 C0000044               1                       0
     45 C0000045              -1                       0
     46 C0000046               1              0.11419456
     47 C0000047              -1               0.4688516
     48 C0000048               1                       0
     49 C0000049              -1               0.6107555
     50 C0000050               1                       0
     51 C0000051              -1              0.70063463
     52 C0000052               1                       0
     53 C0000053              -1              0.65438537
     54 C0000054               1                       0
     55 C0000055              -1              0.44436628
     56 C0000056               1                       0
     57 C0000057              -1                       0
     58 C0000058               1              0.28722848
     59 C0000059              -1              0.25576496
     60 C0000060               1                       0
     61 C0000061              -1                       0
     62 C0000062               1              0.85012356
     63 C0000063              -1              0.31635325
     64 C0000064               1                       0
     65 C0000065              -1              0.68500649
     66 C0000066               1                       0
     67 C0000067              -1              0.14084124
     68 C0000068               1                       0
     69 C0000069              -1              0.57664967
     70 C0000070               1                       0
     71 C0000071              -1              0.23244734
     72 C0000072               1                       0
     73 C0000073              -1              0.38972501
     74 C0000074               1                       0
     75 C0000075              -1              0.25532063
     76 C0000076               1                       0
     77 C0000077              -1              0.61684899
     78 C0000078               1                       0
     79 C0000079              -1             0.024490885
     80 C0000080               1              0.97550912
     81 C0000081              -1              0.43172851
     82 C0000082               1                       0
     83 C0000083  -3.0041635e-14                       0
     84 C0000084               1                       1
     85 C0000085              -1              0.23280433
     86 C0000086               1                       0
     87 C0000087              -1              0.23655605
     88 C0000088               1                       0
     89 C0000089              -1               0.2410046
     90 C0000090               1                       0
     91 C0000091              -1              0.22140984
     92 C0000092               1                       0
     93 C0000093              -1              0.60899366
     94 C0000094               1                       0
     95 C0000095              -1              0.28853877
     96 C0000096               1                       0
     97 C0000097               1              -433.96143
     98 C0000098       -1.000002                       0
     99 C0000099        0.999998                       0
    100 C0000100              -1              -25.260003
    101 C0000101               1              -11.934281
    102 C0000102       -1.000002                       0
    103 C0000103           1e-06              -471.15572
      0 X0000000               0              0.32794118
      1 X0000001               0              0.61410913
      2 X0000002               0              0.59096432
      3 X0000003               0              0.88856952
      4 X0000004               0                       0
      5 X0000005               0              0.18882221
      6 X0000006       0.1997567                       0
      7 X0000007               0              0.49467329
      8 X0000008               0              0.92801052
      9 X0000009               0              0.99421183
     10 X0000010               0                0.400424
     11 X0000011               0              0.15425832
     12 X0000012               0                       0
     13 X0000013      0.60045288                       0
     14 X0000014               0                       0
     15 X0000015               0              0.65377976
     16 X0000016      0.13818391                       0
     17 X0000017               0              0.86944927
     18 X0000018      0.96670644                       0
     19 X0000019             0.5                       0
     20 X0000020               0              0.54175779
     21 X0000021               0              0.81901804
     22 X0000022               0              0.88580544
     23 X0000023               0               0.5311484
     24 X0000024               0               0.3892445
     25 X0000025               0              0.29936537
     26 X0000026               0              0.34561463
     27 X0000027               0              0.55563372
     28 X0000028               0              0.71277152
     29 X0000029               0              0.74423504
     30 X0000030               0              0.14987644
     31 X0000031               0              0.68364675
     32 X0000032               0              0.31499351
     33 X0000033               0              0.85915876
     34 X0000034               0              0.42335033
     35 X0000035               0              0.76755266
     36 X0000036               0              0.61027499
     37 X0000037               0              0.74467937
     38 X0000038               0              0.38315101
     39 X0000039               0                       0
     40 X0000040               0              0.56827149
     41 X0000041             0.5                       0
     42 X0000042               0              0.76719567
     43 X0000043               0              0.76344395
     44 X0000044               0               0.7589954
     45 X0000045               0              0.77859016
     46 X0000046               0              0.39100634
     47 X0000047               0              0.71146123
     48 X0000048               3                       0
     49 X0000049              10                       0
     50 X0000050              12                       0
     51 X0000051              20                       0
     52 X0000052               3                       0
     53 X0000053               4                       0
     54 X0000054       12.003649                       0
     55 X0000055               2                       0
     56 X0000056               2                       0
     57 X0000057              20                       0
     58 X0000058               1                       0
     59 X0000059               5                       0
     60 X0000060              18                       0
     61 X0000061       35.209963                       0
     62 X0000062               4                       0
     63 X0000063               1                       0
     64 X0000064       4.5527356                       0
     65 X0000065              12                       0
     66 X0000066       15.733652                       0
     67 X0000067               9            0.0017241468
     68 X0000068               1                       0
     69 X0000069               2                       0
     70 X0000070               8                       0
     71 X0000071               3                       0
     72 X0000072               3                       0
     73 X0000073               4                       0
     74 X0000074               2                       0
     75 X0000075               5                       0
     76 X0000076              12                       0
     77 X0000077               1                       0
     78 X0000078              16                       0
     79 X0000079               5                       0
     80 X0000080               4                       0
     81 X0000081              16                       0
     82 X0000082              10                       0
     83 X0000083               1                       0
     84 X0000084               1                       0
     85 X0000085               1                       0
     86 X0000086              19                       0
     87 X0000087              22                       0
     88 X0000088               4                       0
     89 X0000089             9.5             0.038509714
     90 X0000090               1                       0
     91 X0000091               1                       0
     92 X0000092              13                       0
     93 X0000093               1                       0
     94 X0000094               4                       0
     95 X0000095               2                       0
     96 X0000096           1e-06                       0
