Optimal - objective value 15.99999995
      0 C0000000             365               -21.04901
      1 C0000001              -1               9.9371068
      2 C0000002       1.7463411                       0
      3 C0000003     -0.75040847                       0
      4 C0000004               1               9.9371068
      5 C0000005              -1                       0
      6 C0000006               1             0.084118972
      7 C0000007              -1               6.6824534
      8 C0000008               1                       0
      9 C0000009      -0.9999966                       0
     10 C0000010               1               9.9371068
     11 C0000011              -1               3.3949944
     12 C0000012               1               6.5421124
     13 C0000013              -1               1.8960916
     14 C0000014               1               8.0410152
     15 C0000015              -1               9.9371068
     16 C0000016       2.6795247                       0
     17 C0000017     -0.98635895                       0
     18 C0000018               1               9.9371068
     19 C0000019              -1               9.9371068
     20 C0000020               3                       0
     21 C0000021     -0.99999999                       0
     22 C0000022               1               9.9371068
     23 C0000023  -1.0993615e-13                       0
     24 C0000024               1               9.9371068
     25 C0000025        0.999998                       0
     26 C0000026              -1              -7620.1919
     27 C0000027        0.999998                       0
     28 C0000028              -1              -102.38271
     29 C0000029      0.99999801                       0
     30 C0000030              -1                       0
     31 C0000031           1e-06              -7722.5746
     32 C0000032       2.8445509              -9.9371068
     33 C0000033       10.999981                       0
     34 C0000034       10.999981             -0.80020269
     35 C0000035            11.5                       0
     36 C0000036            11.5                       0
     37 C0000037       47.261029                       0
     38 C0000038       47.261029            -0.046926634
     39 C0000039       71.508922                       0
     40 C0000040       71.508922                       0
     41 C0000041       5.4926823                       0
     42 C0000042       5.4926823                       0
      0 X0000000      0.37317057                       0
      1 X0000001      0.12479577                       0
      2 X0000002               0               9.8529878
      3 X0000003               0               3.2546534
      4 X0000004   1.7017918e-06                       0
      5 X0000005               0                       0
      6 X0000006               0                       0
      7 X0000007      0.83976234                       0
      8 X0000008    0.0068205267                       0
      9 X0000009               1                       0
     10 X0000010   2.9329176e-09                       0
     11 X0000011             0.5                       0
     12 X0000012       5.4926823                       0
     13 X0000013       47.261029                       0
     14 X0000014              46                       0
     15 X0000015               7                       0
     16 X0000016       10.999981                       0
     17 X0000017              63                       0
     18 X0000018              50                       0
     19 X0000019       20.237386                       0
     20 X0000020       71.508922                       0
     21 X0000021              16             -0.73125962
     22 X0000022              16                       0
     23 X0000023            11.5              0.41223372
     24 X0000024           1e-06                       0
