Optimal - objective value 1.99999997
      0 C0000000             365              -1.8584275
      1 C0000001              -1              0.62901555
      2 C0000002               1                       0
      3 C0000003              -1              0.61811107
      4 C0000004               1                       0
      5 C0000005              -1               1.9570188
      6 C0000006       1.8816944                       0
      7 C0000007              -1               1.5019003
      8 C0000008               1                       0
      9 C0000009              -1              0.39029501
     10 C0000010               1                       0
     11 C0000011              -1              0.38690415
     12 C0000012               1                       0
     13 C0000013              -1               1.3890462
     14 C0000014               1              0.56797255
     15 C0000015              -1               1.9570188
     16 C0000016       2.1229181                       0
     17 C0000017              -1              0.57523279
     18 C0000018               1                       0
     19 C0000019              -1              0.40182441
     20 C0000020               1                       0
     21 C0000021              -1                       0
     22 C0000022               1             0.075282957
     23 C0000023   9.9805895e-14                       0
     24 C0000024               1               1.9570188
     25 C0000025              -1              0.33920518
     26 C0000026               1                       0
     27 C0000027              -1              0.33346141
     28 C0000028               1                       0
     29 C0000029              -1               1.0339639
     30 C0000030               1                       0
     31 C0000031              -1              0.20634528
     32 C0000032               1                       0
     33 C0000033              -1               1.6321809
     34 C0000034               1              0.32483792
     35 C0000035              -1              0.43177463
     36 C0000036               1                       0
     37 C0000037              -1               1.0041013
     38 C0000038               1                       0
     39 C0000039              -1              0.36254513
     40 C0000040               1                       0
     41 C0000041              -1              0.50485064
     42 C0000042               1                       0
     43 C0000043              -1               1.8436707
     44 C0000044               1                       0
     45 C0000045              -1              0.48230707
     46 C0000046               1                       0
     47 C0000047              -1              0.95019805
     48 C0000048               1                       0
     49 C0000049              -1              0.44117296
     50 C0000050               1                       0
     51 C0000051              -1               0.2517599
     52 C0000052               1                       0
     53 C0000053     -0.78963873                       0
     54 C0000054               1               1.9570188
     55 C0000055              -1              0.20131964
     56 C0000056               1                       0
     57 C0000057              -1              0.16729487
     58 C0000058               1                       0
     59 C0000059     -0.99999997                       0
     60 C0000060               1               1.9570188
     61 C0000061              -1              0.18953417
     62 C0000062               1                       0
     63 C0000063              -1             0.058916124
     64 C0000064               1                       0
     65 C0000065              -1              0.21343505
     66 C0000066               1                       0
     67 C0000067              -1                       0
     68 C0000068               1              0.13398532
     69 C0000069              -1              0.33372693
     70 C0000070               1                       0
     71 C0000071              -1               0.2956305
     72 C0000072               1                       0
     73 C0000073              -1               1.9570188
     74 C0000074       1.2107407                       0
     75 C0000075              -1               0.8819979
     76 C0000076               1                       0
     77 C0000077              -1              0.15958593
     78 C0000078               1                       0
     79 C0000079              -1                       0
     80 C0000080               1               1.9014507
     81 C0000081              -1             0.092324828
     82 C0000082               1                       0
     83 C0000083              -1              0.13668658
     84 C0000084               1                       0
     85 C0000085              -1              0.43323946
     86 C0000086               1                       0
     87 C0000087              -1               1.9570188
     88 C0000088       1.0000005                       0
     89 C0000089     -0.99999854                       0
     90 C0000090               1               1.9570188
     91 C0000091              -1              0.23589842
     92 C0000092               1                       0
     93 C0000093              -1              0.09832054
     94 C0000094               1                       0
     95 C0000095              -1             0.036286128
     96 C0000096               1                       0
     97 C0000097        0.999998                       0
     98 C0000098              -1              -704.72226
     99 C0000099        0.999998                       0
    100 C0000100              -1              -15.420924
    101 C0000101               1              -16.582528
    102 C0000102       -1.000002                       0
    103 C0000103           1e-06              -736.72571
    104 C0000104       1.7128582              -1.9570188
    105 C0000105        13.99999                       0
    106 C0000106        13.99999             -0.20242311
    107 C0000107       28.106263                       0
    108 C0000108       28.106263            -0.034634966
    109 C0000109               3                       0
    110 C0000110               3                       0
    111 C0000111               1                       0
    112 C0000112               1                       0
    113 C0000113               2                       0
    114 C0000114               2                       0
      0 X0000000               0               1.3280032
      1 X0000001               0               1.3389077
      2 X0000002      0.44084721                       0
      3 X0000003               0              0.45511853
      4 X0000004               0               1.5667238
      5 X0000005               0               1.5701147
      6 X0000006               0                       0
      7 X0000007      0.56145904                       0
      8 X0000008               0                1.381786
      9 X0000009               0               1.5551944
     10 X0000010               0               1.8817358
     11 X0000011             0.5                       0
     12 X0000012               0               1.6178136
     13 X0000013               0               1.6235574
     14 X0000014               0              0.92305488
     15 X0000015               0               1.7506735
     16 X0000016               0                       0
     17 X0000017               0               1.5252442
     18 X0000018               0              0.95291746
     19 X0000019               0               1.5944737
     20 X0000020               0               1.4521682
     21 X0000021               0              0.11334808
     22 X0000022               0               1.4747117
     23 X0000023               0               1.0068208
     24 X0000024               0               1.5158458
     25 X0000025               0               1.7052589
     26 X0000026      0.10518064                       0
     27 X0000027               0               1.7556992
     28 X0000028               0               1.7897239
     29 X0000029   1.7317437e-08                       0
     30 X0000030               0               1.7674846
     31 X0000031               0               1.8981027
     32 X0000032               0               1.7435838
     33 X0000033               0               1.8230335
     34 X0000034               0               1.6232919
     35 X0000035               0               1.6613883
     36 X0000036      0.10537034                       0
     37 X0000037               0               1.0750209
     38 X0000038               0               1.7974329
     39 X0000039               0             0.055568118
     40 X0000040               0                1.864694
     41 X0000041               0               1.8203322
     42 X0000042               0               1.5237793
     43 X0000043   2.6136802e-07                       0
     44 X0000044   7.3176502e-07                       0
     45 X0000045               0               1.7211204
     46 X0000046               0               1.8586983
     47 X0000047               0               1.9207327
     48 X0000048              19                       0
     49 X0000049               5                       0
     50 X0000050       18.731014                       0
     51 X0000051              13                       0
     52 X0000052               1                       0
     53 X0000053               2                       0
     54 X0000054               5                       0
     55 X0000055       28.106263                       0
     56 X0000056               2                       0
     57 X0000057               2                       0
     58 X0000058               9                       0
     59 X0000059              15             0.011075472
     60 X0000060               1                       0
     61 X0000061               1                       0
     62 X0000062              12                       0
     63 X0000063              16                       0
     64 X0000064              22                       0
     65 X0000065               1                       0
     66 X0000066               3                       0
     67 X0000067               2                       0
     68 X0000068              20                       0
     69 X0000069              12                       0
     70 X0000070               3                       0
     71 X0000071               3                       0
     72 X0000072               6                       0
     73 X0000073               1                       0
     74 X0000074       26.844581                       0
     75 X0000075               1                       0
     76 X0000076               8                       0
     77 X0000077               2                       0
     78 X0000078               1                       0
     79 X0000079               1                       0
     80 X0000080               1                       0
     81 X0000081               4                       0
     82 X0000082               1                       0
     83 X0000083               2                       0
     84 X0000084       24.318147                       0
     85 X0000085               4                       0
     86 X0000086               2                       0
     87 X0000087              20                       0
     88 X0000088               1                       0
     89 X0000089               1                       0
     90 X0000090               1                       0
     91 X0000091       21.000005                       0
     92 X0000092        13.99999                       0
     93 X0000093               1                       0
     94 X0000094               1                       0
     95 X0000095               4                       0
     96 X0000096           1e-06                       0
