Optimal - objective value 80.99999889
      0 C0000000             365               105.37714
      1 C0000001     -0.69718686                       0
      2 C0000002               1               27.250234
      3 C0000003              -1               27.250234
      4 C0000004               1                       0
      5 C0000005              -1               27.250234
      6 C0000006       1.6135956                       0
      7 C0000007              -1               27.250234
      8 C0000008       2.9999995                       0
      9 C0000009  -1.3798979e-07                       0
     10 C0000010               1               27.250234
     11 C0000011   -0.0024318112                       0
     12 C0000012               1               27.250234
     13 C0000013  -5.0154144e-14                       0
     14 C0000014               1               27.250234
     15 C0000015              -1               27.250234
     16 C0000016       2.9999982                       0
     17 C0000017     -0.99999997                       0
     18 C0000018               1               27.250234
     19 C0000019  -1.1856476e-07                       0
     20 C0000020               1               27.250234
     21 C0000021              -1               27.250234
     22 C0000022               1                       0
     23 C0000023              -1               27.250234
     24 C0000024       1.0298518                       0
     25 C0000025               1              -38443.213
     26 C0000026       -1.001098                       0
     27 C0000027      0.99890196                       0
     28 C0000028              -1              -234.82926
     29 C0000029      0.99890196                       0
     30 C0000030              -1               -215.4804
     31 C0000031   0.00054902028              -38893.523
     32 C0000032       4.4719131              -27.250234
     33 C0000033       19.999998                       0
     34 C0000034       19.999998              -5.2782251
     35 C0000035            10.5                       0
     36 C0000036            10.5                       0
     37 C0000037       3.0072954                       0
     38 C0000038       3.0072954              -3.2801891
     39 C0000039       35.999984                       0
     40 C0000040       35.999984             -0.61629482
     41 C0000041       5.5000008                       0
     42 C0000042       5.5000008                       0
     43 C0000043       10.454382                       0
     44 C0000044       10.454382                       0
     45 C0000045       4.0000005                       0
     46 C0000046       4.0000005                       0
     47 C0000047       65.000001                       0
     48 C0000048       65.000001             -0.69842133
     49 C0000049       58.865702                       0
     50 C0000050       58.865702              -0.6670142
     51 C0000051       46.672639                       0
     52 C0000052       46.672639              -1.0406006
     53 C0000053              24                       0
     54 C0000054              24                       0
      0 X0000000      0.15140657                       0
      1 X0000001   1.2031992e-08                       0
      2 X0000002      0.30679779                       0
      3 X0000003      0.99999977                       0
      4 X0000004      0.49999993                       0
      5 X0000005      0.49878409                       0
      6 X0000006             0.5                       0
      7 X0000007      0.99999909                       0
      8 X0000008    1.368474e-08                       0
      9 X0000009      0.49999994                       0
     10 X0000010   1.2461665e-09                       0
     11 X0000011     0.014925888                       0
     12 X0000012       46.672639                       0
     13 X0000013       65.000001                       0
     14 X0000014       10.454382                       0
     15 X0000015       19.999998                       0
     16 X0000016       5.5000008                       0
     17 X0000017       3.0072954                       0
     18 X0000018            10.5               2.4100531
     19 X0000019       35.999984                       0
     20 X0000020       80.999999                       0
     21 X0000021       4.0000005                       0
     22 X0000022              24                       0
     23 X0000023       58.865702                       0
     24 X0000024   0.00054902028                       0
