Optimal - objective value 19.99999667
      0 C0000000             365               20.802436
      1 C0000001     -0.69718681                       0
      2 C0000002               1               3.3332581
      3 C0000003              -1               3.0108843
      4 C0000004               1                       0
      5 C0000005              -1               3.3332581
      6 C0000006        1.613594                       0
      7 C0000007              -1               3.3332581
      8 C0000008       2.9999993                       0
      9 C0000009               0                       0
     10 C0000010               1               3.3332581
     11 C0000011   -0.0024318889                       0
     12 C0000012               1               3.3332581
     13 C0000013  -5.0154144e-14                       0
     14 C0000014               1               3.3332581
     15 C0000015              -1               3.3332581
     16 C0000016               3                       0
     17 C0000017              -1              0.31026248
     18 C0000018               1               3.0229956
     19 C0000019               0                       0
     20 C0000020               1               3.3332581
     21 C0000021              -1              0.76064881
     22 C0000022               1                       0
     23 C0000023              -1               3.3332581
     24 C0000024       1.0298515                       0
     25 C0000025               1              -7646.3153
     26 C0000026       -1.001098                       0
     27 C0000027      0.99890196                       0
     28 C0000028              -1              -37.445371
     29 C0000029      0.99890196                       0
     30 C0000030              -1              -41.226769
     31 C0000031   0.00054902028              -7724.9874
     32 C0000032       4.4719131              -3.3332581
      0 X0000000       0.1514066                       0
      1 X0000001               0              0.32237372
      2 X0000002      0.30679702                       0
      3 X0000003      0.99999967                       0
      4 X0000004             0.5                       0
      5 X0000005      0.49878406                       0
      6 X0000006             0.5                       0
      7 X0000007               1                       0
      8 X0000008               0                       0
      9 X0000009             0.5                       0
     10 X0000010               0               2.5726093
     11 X0000011     0.014925763                       0
     12 X0000012       46.672637                       0
     13 X0000013              65                       0
     14 X0000014       10.454376                       0
     15 X0000015       19.999997                       0
     16 X0000016             5.5              0.44778712
     17 X0000017       3.0072957                       0
     18 X0000018            10.5              0.78203739
     19 X0000019              36            -0.025662223
     20 X0000020              81                       0
     21 X0000021               4              0.46905532
     22 X0000022              24                       0
     23 X0000023       58.865694                       0
     24 X0000024   0.00054902028                       0
