Optimal - objective value 484525.19085872
      1 X0000001       7.0942105                       0
      2 X0000002           10.36                       0
      3 X0000003           10.23                       0
      4 X0000004               6                       0
      9 X0000009           17.84                       0
     10 X0000010       6.4813296                       0
     12 X0000012              20                       0
     14 X0000014       13.684211                       0
     15 X0000015              20                       0
     23 X0000023       7.5235457                       0
     25 X0000025               1               232.13296
     26 X0000026               1               232.13296
     27 X0000027               1               232.13296
     28 X0000028               1               232.13296
     33 X0000033               1               232.13296
     34 X0000034               1               232.13296
     36 X0000036               1               232.13296
     38 X0000038               1               232.13296
     39 X0000039               1               232.13296
     44 X0000044               1                       0
     45 X0000045               1                       0
     47 X0000047               1                       0
     48 X0000048            15.2                       0
     53 X0000053             3.7                       0
     54 X0000054           17.65                       0
     56 X0000056            9.05          -5.6843419e-14
     59 X0000059              20                       0
     61 X0000061              20                       0
     65 X0000065           14.79                       0
     66 X0000066             7.2                       0
     72 X0000072              20          -2.8421709e-14
     73 X0000073               4               11.026316
     74 X0000074         10.7395                       0
     75 X0000075         20.5815                       0
     76 X0000076            30.3                       0
     77 X0000077              36              -533.52632
     78 X0000078       32.105263                       0
     79 X0000079       13.526316                       0
     80 X0000080       13.526316                       0
     81 X0000081               4               533.52632
     82 X0000082          20.948                       0
     83 X0000083       27.105263                       0
     84 X0000084       6.0526316                       0
     85 X0000085       25.052632                       0
     86 X0000086               4                       0
     87 X0000087              17                       0
     88 X0000088              36              -578.94737
     89 X0000089              36                       0
     90 X0000090       20.431579                       0
     91 X0000091       12.852632                       0
     92 X0000092       12.852632                       0
     93 X0000093       12.852632                       0
     94 X0000094       12.852632                       0
     95 X0000095       12.852632                       0
     96 X0000096              20                       0
    107 X0000107        46.56867                       0
    108 X0000108          101.65                       0
    109 X0000109           73.52                       0
    110 X0000110             106                       0
    111 X0000111       47.775789                       0
    128 X0000128           17.25                       0
    129 X0000129           49.48                       0
    130 X0000130           86.15                       0
    131 X0000131        72.59133                       0
    132 X0000132           40.26                       0
    133 X0000133           76.48                       0
    134 X0000134           35.91                       0
    135 X0000135       71.384211                       0
    136 X0000136           86.15                       0
    137 X0000137           49.48                       0
    138 X0000138           17.25                       0
    145 X0000145              30                       0
    146 X0000146              30                       0
    147 X0000147              30                       0
    148 X0000148              30                       0
    149 X0000149              30                       0
    150 X0000150              30                       0
    151 X0000151              30                       0
    152 X0000152           50.65                       0
    153 X0000153           30.13                       0
    154 X0000154              30                       0
    155 X0000155              30                       0
    156 X0000156              30                       0
    157 X0000157              30                       0
    158 X0000158              30                       0
    159 X0000159              30                       0
    160 X0000160              30                       0
    161 X0000161           50.66                       0
    162 X0000162           80.66                       0
    163 X0000163          110.66                       0
    164 X0000164          118.59                       0
    165 X0000165          104.61                       0
    166 X0000166           79.89                       0
    167 X0000167           57.85                       0
    168 X0000168       51.583546                       0
    193 X0000193           14.52                       0
    194 X0000194      0.24578947                       0
    208 X0000208            5.22                       0
    217 X0000217            46.8                       0
    218 X0000218       64.094211                       0
    219 X0000219           63.36                       0
    220 X0000220           61.23                       0
    221 X0000221              58                       0
    222 X0000222            55.3                       0
    223 X0000223           55.35                       0
    224 X0000224            54.1                       0
    225 X0000225           50.34                       0
    226 X0000226           46.69                       0
    227 X0000227           44.89                       0
    228 X0000228           43.74                       0
    229 X0000229           41.52                       0
    230 X0000230           39.09                       0
    231 X0000231            39.3                       0
    232 X0000232           36.85                       0
    233 X0000233           42.86                       0
    234 X0000234            41.3                       0
    235 X0000235           42.14                       0
    236 X0000236           43.41                       0
    237 X0000237           46.39                       0
    238 X0000238           52.11                       0
    239 X0000239           54.15                       0
    240 X0000240           54.94                       0
