Optimal - objective value 4.99999600
      0 C0000000             365              -11.446178
      1 C0000001              -1               1.0933027
      2 C0000002               1                       0
      3 C0000003              -1              0.15207288
      4 C0000004               1               3.8465356
      5 C0000005     -0.98991906                       0
      6 C0000006               1               3.9986085
      7 C0000007              -1               1.3628284
      8 C0000008               1                       0
      9 C0000009              -1               1.1334391
     10 C0000010               1               2.8651693
     11 C0000011               0                       0
     12 C0000012               1               3.9986085
     13 C0000013              -1               3.9986085
     14 C0000014       1.9970788                       0
     15 C0000015              -1                       0
     16 C0000016               1               1.5522495
     17 C0000017              -1               3.9986085
     18 C0000018               3                       0
     19 C0000019              -1               3.9986085
     20 C0000020       2.4169254                       0
     21 C0000021      -0.9999984                       0
     22 C0000022               1               3.9986085
     23 C0000023              -1               3.9986085
     24 C0000024               3                       0
     25 C0000025              -1                       0
     26 C0000026               1               3.7566724
     27 C0000027               0                       0
     28 C0000028               1               3.9986085
     29 C0000029              -1               1.2331793
     30 C0000030               1                       0
     31 C0000031              -1                2.649554
     32 C0000032               1                       0
     33 C0000033              -1                       0
     34 C0000034               1              0.90793603
     35 C0000035      -0.7052756                       0
     36 C0000036               1               3.9986085
     37 C0000037               0                       0
     38 C0000038               1               3.9986085
     39 C0000039              -1                       0
     40 C0000040               1               2.3731151
     41 C0000041              -1               3.9986085
     42 C0000042               3                       0
     43 C0000043              -1              0.42497791
     44 C0000044               1                       0
     45 C0000045              -1               3.1074974
     46 C0000046               1              0.89111107
     47 C0000047              -1                       0
     48 C0000048               1              0.88866169
     49 C0000049        0.999998                       0
     50 C0000050              -1              -4099.9275
     51 C0000051        0.999998                       0
     52 C0000052              -1              -71.523835
     53 C0000053        0.999998                       0
     54 C0000054              -1               -30.68578
     55 C0000055           1e-06              -4202.1371
     56 C0000056       5.8594056              -3.9986085
      0 X0000000               0               2.9053057
      1 X0000001               0                       0
      2 X0000002    0.0050404722                       0
      3 X0000003               0                 2.63578
      4 X0000004               0                       0
      5 X0000005             0.5                       0
      6 X0000006       0.4985394                       0
      7 X0000007               0               2.4463589
      8 X0000008               1                       0
      9 X0000009      0.70846269                       0
     10 X0000010   7.9972163e-07                       0
     11 X0000011               1                       0
     12 X0000012               0              0.24193606
     13 X0000013             0.5                       0
     14 X0000014               0               2.7654291
     15 X0000015               0               1.3490545
     16 X0000016               0               3.0906724
     17 X0000017       0.1473622                       0
     18 X0000018             0.5                       0
     19 X0000019               0               1.6254934
     20 X0000020               1                       0
     21 X0000021               0               3.5736305
     22 X0000022               0                       0
     23 X0000023               0               3.1099468
     24 X0000024              12                       0
     25 X0000025              10                       0
     26 X0000026       39.798381                       0
     27 X0000027               1                       0
     28 X0000028              45                       0
     29 X0000029             5.5              0.17865418
     30 X0000030        7.492697                       0
     31 X0000031              33                       0
     32 X0000032              50             -0.26396267
     33 X0000033       10.250776                       0
     34 X0000034        4.999996                       0
     35 X0000035              12              -0.4835732
     36 X0000036              12                       0
     37 X0000037            14.5              0.58051881
     38 X0000038               3                       0
     39 X0000039               5                       0
     40 X0000040               5                       0
     41 X0000041        34.95815                       0
     42 X0000042            14.5              0.44789736
     43 X0000043               8                       0
     44 X0000044               6             -0.44420618
     45 X0000045               1                       0
     46 X0000046              14                       0
     47 X0000047              16                       0
     48 X0000048           1e-06                       0
