Optimal - objective value 15.99999917
      0 C0000000             365               13.261777
      1 C0000001              -1                16.30112
      2 C0000002               1                       0
      3 C0000003              -1                       0
      4 C0000004               1                3.682988
      5 C0000005     -0.99999875                       0
      6 C0000006               1               17.804906
      7 C0000007              -1               11.170996
      8 C0000008               1                 6.63391
      9 C0000009              -1               17.171716
     10 C0000010               1                       0
     11 C0000011              -1               17.804906
     12 C0000012               1                       0
     13 C0000013     -0.60047904                       0
     14 C0000014               1               17.804906
     15 C0000015              -1               10.733662
     16 C0000016               1                       0
     17 C0000017              -1               3.2914022
     18 C0000018               1                       0
     19 C0000019              -1               8.5870274
     20 C0000020               1                       0
     21 C0000021              -1               12.229606
     22 C0000022               1                       0
     23 C0000023              -1                 15.8401
     24 C0000024               1                       0
     25 C0000025              -1                       0
     26 C0000026               1              0.16881009
     27 C0000027              -1               17.804906
     28 C0000028       2.2009055                       0
     29 C0000029              -1               17.402212
     30 C0000030               1                       0
     31 C0000031              -1               7.1578656
     32 C0000032               1                       0
     33 C0000033              -1               17.804906
     34 C0000034       1.2763646                       0
     35 C0000035              -1               7.8219594
     36 C0000036               1                       0
     37 C0000037              -1               17.804906
     38 C0000038       2.9334163                       0
     39 C0000039   -6.802154e-06                       0
     40 C0000040               1               17.804906
     41 C0000041              -1               8.9497098
     42 C0000042               1                       0
     43 C0000043              -1               5.4802736
     44 C0000044               1                       0
     45 C0000045              -1               4.6859594
     46 C0000046               1                       0
     47 C0000047              -1               11.792389
     48 C0000048               1                       0
     49 C0000049              -1               15.019769
     50 C0000050               1                       0
     51 C0000051              -1               13.295646
     52 C0000052               1                       0
     53 C0000053              -1               14.812643
     54 C0000054               1                       0
     55 C0000055              -1               8.4928355
     56 C0000056               1                       0
     57 C0000057              -1               5.9515103
     58 C0000058               1                       0
     59 C0000059              -1                5.974689
     60 C0000060               1                       0
     61 C0000061      -0.9999999                       0
     62 C0000062               1               17.804906
     63 C0000063              -1               11.079348
     64 C0000064               1                       0
     65 C0000065              -1               13.203418
     66 C0000066               1                       0
     67 C0000067              -1               10.610369
     68 C0000068               1                       0
     69 C0000069              -1               15.926677
     70 C0000070               1                       0
     71 C0000071              -1               4.4606483
     72 C0000072               1                       0
     73 C0000073              -1               7.4311807
     74 C0000074               1                       0
     75 C0000075              -1               5.3505716
     76 C0000076               1                       0
     77 C0000077              -1               9.7617733
     78 C0000078               1                       0
     79 C0000079              -1               4.4199474
     80 C0000080               1                       0
     81 C0000081              -1               10.526302
     82 C0000082               1                       0
     83 C0000083  -9.3719378e-10                       0
     84 C0000084               1               17.804906
     85 C0000085              -1               5.5717868
     86 C0000086               1                       0
     87 C0000087              -1               5.6315436
     88 C0000088               1                       0
     89 C0000089              -1               9.8332896
     90 C0000090               1                       0
     91 C0000091              -1               4.8595821
     92 C0000092               1                       0
     93 C0000093              -1               11.818269
     94 C0000094               1                       0
     95 C0000095              -1               7.7748051
     96 C0000096               1                       0
     97 C0000097               1              -4600.2025
     98 C0000098       -1.000002                       0
     99 C0000099        0.999998                       0
    100 C0000100              -1              -492.43211
    101 C0000101               1              -281.32576
    102 C0000102       -1.000002                       0
    103 C0000103           1e-06              -5373.9604
    104 C0000104       2.9051009              -17.804906
    105 C0000105       11.999992                       0
    106 C0000106       11.999992              -2.6727956
    107 C0000107               1                       0
    108 C0000108               1                       0
    109 C0000109               4                       0
    110 C0000110               4                       0
    111 C0000111       4.0000001                       0
    112 C0000112       4.0000001                       0
    113 C0000113        35.20996                       0
    114 C0000114        35.20996                       0
    115 C0000115              16                       0
    116 C0000116              16                       0
    117 C0000117              19                       0
    118 C0000118              19                       0
    119 C0000119               4                       0
    120 C0000120               4                       0
    121 C0000121               1                       0
    122 C0000122               1                       0
    123 C0000123               1                       0
    124 C0000124               1                       0
    125 C0000125               4                       0
    126 C0000126               4                       0
    127 C0000127               1                       0
    128 C0000128               1                       0
    129 C0000129               2                       0
    130 C0000130               2                       0
    131 C0000131       4.5527292                       0
    132 C0000132       4.5527292             -0.40480043
    133 C0000133       15.733665                       0
    134 C0000134       15.733665                       0
    135 C0000135               4                       0
    136 C0000136               4                       0
    137 C0000137               3                       0
    138 C0000138               3                       0
    139 C0000139               1                       0
    140 C0000140               1                       0
    141 C0000141               3                       0
    142 C0000142               3                       0
    143 C0000143              20                       0
    144 C0000144              20                       0
    145 C0000145               8                       0
    146 C0000146               8                       0
    147 C0000147               1                       0
    148 C0000148               1                       0
    149 C0000149               2                       0
    150 C0000150               2                       0
    151 C0000151              13                       0
    152 C0000152              13                       0
    153 C0000153              10                       0
    154 C0000154              10                       0
    155 C0000155       9.0000612                       0
    156 C0000156       9.0000612             -0.85986244
    157 C0000157               2                       0
    158 C0000158               2                       0
    159 C0000159               1                       0
    160 C0000160               1                       0
    161 C0000161               2                       0
    162 C0000162               2                       0
    163 C0000163               5                       0
    164 C0000164               5                       0
    165 C0000165              12                       0
    166 C0000166              12                       0
    167 C0000167       12.003593                       0
    168 C0000168       12.003593             -0.82765471
    169 C0000169              18                       0
    170 C0000170              18                       0
    171 C0000171               5                       0
    172 C0000172               5                       0
    173 C0000173             9.5                       0
    174 C0000174             9.5                       0
    175 C0000175              12                       0
    176 C0000176              12                       0
      0 X0000000               0               1.5037863
      1 X0000001               0               14.121918
      2 X0000002   6.2637171e-07                       0
      3 X0000003               0                       0
      4 X0000004               0              0.63318996
      5 X0000005   1.9982626e-08                       0
      6 X0000006      0.19976048                       0
      7 X0000007               0               7.0712447
      8 X0000008               0               14.513504
      9 X0000009               0                9.217879
     10 X0000010               0               5.5753004
     11 X0000011               0               1.9648066
     12 X0000012               0               17.636096
     13 X0000013      0.60045273                       0
     14 X0000014               0              0.40269442
     15 X0000015               0               10.647041
     16 X0000016      0.13818229                       0
     17 X0000017               0               9.9829471
     18 X0000018      0.96670813                       0
     19 X0000019       0.4999966                       0
     20 X0000020               0               8.8551966
     21 X0000021               0               12.324633
     22 X0000022               0               13.118947
     23 X0000023               0               6.0125175
     24 X0000024               0               2.7851371
     25 X0000025               0               4.5092604
     26 X0000026               0               2.9922632
     27 X0000027               0               9.3120709
     28 X0000028               0               11.853396
     29 X0000029               0               11.830217
     30 X0000030   5.1728481e-08                       0
     31 X0000031               0               6.7255588
     32 X0000032               0               4.6014886
     33 X0000033               0               7.1945375
     34 X0000034               0                1.878229
     35 X0000035               0               13.344258
     36 X0000036               0               10.373726
     37 X0000037               0               12.454335
     38 X0000038               0               8.0431332
     39 X0000039               0               13.384959
     40 X0000040               0               7.2786044
     41 X0000041             0.5                       0
     42 X0000042               0                12.23312
     43 X0000043               0               12.173363
     44 X0000044               0               7.9716168
     45 X0000045               0               12.945324
     46 X0000046               0                5.986637
     47 X0000047               0               10.030101
     48 X0000048               3                       0
     49 X0000049              10                       0
     50 X0000050       11.999992                       0
     51 X0000051              20                       0
     52 X0000052               3                       0
     53 X0000053       4.0000001                       0
     54 X0000054       12.003593                       0
     55 X0000055               2                       0
     56 X0000056               2                       0
     57 X0000057              20                       0
     58 X0000058               1                       0
     59 X0000059               5                       0
     60 X0000060              18                       0
     61 X0000061        35.20996                       0
     62 X0000062               4                       0
     63 X0000063               1                       0
     64 X0000064       4.5527292                       0
     65 X0000065              12                       0
     66 X0000066       15.733665                       0
     67 X0000067       9.0000612                       0
     68 X0000068               1                       0
     69 X0000069               2                       0
     70 X0000070               8                       0
     71 X0000071               3                       0
     72 X0000072               3                       0
     73 X0000073               4                       0
     74 X0000074               2                       0
     75 X0000075               5                       0
     76 X0000076              12                       0
     77 X0000077               1                       0
     78 X0000078       15.999999                       0
     79 X0000079               5                       0
     80 X0000080               4                       0
     81 X0000081              16                       0
     82 X0000082              10                       0
     83 X0000083               1                       0
     84 X0000084               1                       0
     85 X0000085               1                       0
     86 X0000086              19                       0
     87 X0000087              22                       0
     88 X0000088               4                       0
     89 X0000089             9.5                       0
     90 X0000090               1                       0
     91 X0000091               1                       0
     92 X0000092              13                       0
     93 X0000093               1                       0
     94 X0000094               4                       0
     95 X0000095               2                       0
     96 X0000096           1e-06                       0
